6155.0 1.83 456.1665201187134 0.013864838651879602
6155.5 1.8 456.75230646133423 0.01600655808467887
6117.5 1.8 453.9238793849945 0.027927164315270973
6078.0 1.79 454.65180122852325 0.024070668119825996
6085.0 1.83 456.02438485622406 0.044233187991525084
6001.5 1.81 448.7523065805435 0.016798523235367926
6058.0 1.77 450.16652023792267 0.008836022640295378
5878.5 1.87 449.9238793849945 0.020999021614816666
5495.0 1.88 619.0782076120377 0.04899994641002578
5844.0 1.89 444.02438497543335 0.040997675636609755
6011.5 1.8 450.2670251131058 0.023294797696555996
5857.0 1.81 447.3380934000015 0.014411861476389466
6112.5 1.83 453.09545254707336 0.017426151689646705
6100.0 1.83 455.33809316158295 0.005501207160786466
6094.0 1.8 455.6812388896942 0.017816558218612624
5915.0 1.81 455.48022866249084 0.03537490315780648
6108.5 1.83 458.2670251131058 0.025036952087484476
5997.0 1.81 449.33809328079224 0.019091998011908907
5989.0 1.8 450.1665201187134 0.007218339752154127
5852.0 1.82 452.1665201187134 0.020385836406414008
5483.0 1.88 571.7644994258881 0.0515032651731567
5829.0 1.85 444.02438485622406 0.036932252374259865
5936.0 1.84 450.8528118133545 0.019113787731676584
5853.5 1.82 445.9238797426224 0.02460845230505898
6097.0 1.83 451.6812390089035 0.014339904435500598
6069.0 1.79 454.50966596603394 0.010634654209878656
6123.0 1.8 454.50966584682465 0.024083269839698544
5876.0 1.84 452.308655500412 0.030737119576000105
6062.0 1.83 453.19595742225647 0.04455438801630453
5990.5 1.81 449.09545266628265 0.014329460929654217
5969.5 1.79 447.0954524278641 0.010728072465548362
5858.5 1.87 449.9238796234131 0.01930715469402945
5539.5 1.88 581.17871260643 0.04672193450282802
5759.0 1.88 444.1665199995041 0.04922043264618646
5963.0 1.8 449.6812392473221 0.01366550641858533
5867.5 1.82 447.58073377609253 0.019715196049720735
6131.5 1.83 454.7523069381714 0.012298476108279648
6075.0 1.79 459.33809328079224 0.02232498641060004
6125.5 1.79 454.6101711988449 0.030468505170569402
5901.0 1.81 450.65180134773254 0.0274176946503941
6027.0 1.83 454.8528118133545 0.029108865759363896
5987.5 1.81 449.43859827518463 0.015151032268208652
5994.5 1.81 449.9238791465759 0.009814703421445982
5847.5 1.87 448.26702558994293 0.02643173018949776
5735.0 1.88 459.7644988298416 0.028344512716718645
5854.0 1.85 449.8233745098114 0.04323963569548126
5917.0 1.8 448.3675308227539 0.012822404806380342
5901.5 1.82 447.09545266628265 0.01103503621487793
6159.5 1.84 455.0954524278641 0.016869314854067872
6095.0 1.8 462.9949470758438 0.011387851613452024
6121.0 1.76 453.6812390089035 0.024160864472577436
5877.5 1.81 477.8650047779083 0.03395049496005111
6040.0 1.83 454.8528114557266 0.025579461567116678
6037.0 1.8 446.3675305843353 0.02487782964607605
5963.5 1.77 450.7523066997528 0.010604863606203564
5830.0 1.82 454.6518017053604 0.024916144854441963
5592.0 1.88 512.10764503479 0.04113322439838189
5845.0 1.85 445.33809328079224 0.040239623503782435
5934.0 1.82 452.5096665620804 0.01840172926098063
5872.5 1.82 445.92387986183167 0.0229535255846757
6116.0 1.83 454.85281229019165 0.014302031191022241
6070.5 1.79 454.26702523231506 0.015766672138617068
6124.5 1.8 455.58073341846466 0.023860488148130535
5922.5 1.81 458.20815074443817 0.01853463795908429
6059.0 1.83 453.19595754146576 0.04321243003337139
5996.5 1.81 449.09545254707336 0.015488088187583215
5975.0 1.77 450.3086552619934 0.010168272305865016
5849.5 1.87 448.26702547073364 0.016717449687925982
5680.0 1.88 493.7644991874695 0.0336367785609015
5783.0 1.88 446.99494767189026 0.04644373231643609
5977.0 1.8 452.16652023792267 0.016264439799717957
5852.5 1.82 445.9238797426224 0.01894560132018178
6137.0 1.83 454.5096663236618 0.012043385184611026
6116.5 1.79 455.4385983943939 0.012454588447583114
6132.5 1.79 453.43859803676605 0.02855027449601727
5957.5 1.81 451.58073365688324 0.019264585396618978
6056.5 1.83 455.09545254707336 0.040493782753495425
5999.5 1.81 448.6101713180542 0.015426315883251688
6013.5 1.81 449.9238791465759 0.008733533703111328
5856.5 1.85 447.43859827518463 0.0242318646184651
5751.5 1.88 455.72286891937256 0.02516510045144991
5851.0 1.88 445.6812387704849 0.04407810611056736
5930.0 1.8 449.5391035079956 0.006364958958688524
5890.5 1.82 446.26702558994293 0.017960353851107124
6148.0 1.83 452.8528116941452 0.009448266043414541
6113.0 1.8 456.5096660852432 0.00657722194532009
6122.0 1.76 453.6812390089035 0.02570148282238331
5882.0 1.81 479.2792183160782 0.037955074661599905
6031.5 1.85 455.4385987520218 0.026406768972602922
6031.5 1.8 446.6101710796356 0.025927776592314333
5940.5 1.77 450.40916097164154 0.01658870090639406
5821.0 1.85 450.16652035713196 0.02354047829865019
5618.5 1.84 486.2081503868103 0.03928238613372928
5830.5 1.85 450.0660150051117 0.04017461075474866
5950.5 1.82 451.09545290470123 0.01994261880981483
5874.5 1.82 446.7523065805435 0.02197648220525434
6121.5 1.83 453.0954523086548 0.015159535832557412
6054.5 1.8 460.4091606140137 0.01685577475086728
6128.0 1.79 453.6812391281128 0.028906214245638703
5880.0 1.84 451.4802280664444 0.022458970645860707
6072.0 1.83 454.85281133651733 0.043813169554879496
6006.5 1.8 447.43859803676605 0.022148261678590155
5960.5 1.8 452.0660148859024 0.006294318347627621
5837.5 1.85 448.26702558994293 0.019149347163951183
5615.5 1.88 521.5218588113785 0.036466285216770866
5803.0 1.88 447.3380934000015 0.0407899773631691
5961.0 1.8 446.36753046512604 0.011245173795267903
5855.5 1.82 447.92387986183167 0.019262940022233093
6158.0 1.83 457.33809316158295 0.016715496464040924
6105.0 1.8 458.5096660852432 0.019424767217343864
6082.0 1.77 454.02438473701477 0.030132122845826545
6039.0 1.79 455.48022878170013 0.01765218105563135
6062.5 1.83 456.26702523231506 0.039531287123212015
5968.5 1.8 449.0954521894455 0.014772169687955868
6048.0 1.81 454.16652047634125 0.015287163947410101
5848.5 1.85 446.6101714372635 0.023270721290718117
5568.5 1.88 490.35028553009033 0.040097455182537045
5850.5 1.88 447.0954524278641 0.043057235856934835
5896.5 1.8 448.6101713180542 0.012687369150364796
5835.5 1.85 445.9238797426224 0.022350812959104238
6182.0 1.8 455.6812387704849 0.025844798654881193
6113.5 1.8 453.0954521894455 0.003824408849849572
6167.5 1.76 453.43859827518463 0.028871961378797266
5993.5 1.8 465.0365778207779 0.017835766293690897
6132.0 1.83 459.6812388896942 0.02982557940798025
6078.5 1.83 450.6101714372635 0.024796194629596913
6058.0 1.79 453.8233743906021 0.008441053995008463
5949.0 1.84 451.33809316158295 0.017283287525948966
5788.5 1.85 451.72286915779114 0.027092984135534785
5909.0 1.85 445.6812391281128 0.04218721547707077
6019.5 1.8 454.7523069381714 0.015533019354456497
5932.0 1.8 445.68123865127563 0.011132867851100178
6180.0 1.83 455.6812387704849 0.01114398445193468
6127.0 1.8 460.99494755268097 0.01763805223779275
6174.5 1.79 455.4385987520218 0.02622829957180887
5993.5 1.8 455.72286915779114 0.01847335975093226
6095.5 1.83 452.61017072200775 0.043486979576171814
6068.5 1.81 449.78174436092377 0.024220068141585744
6031.5 1.77 451.58073353767395 0.012947877327775347
5877.5 1.87 448.26702547073364 0.01834476738230089
5682.0 1.88 448.30865585803986 0.044978383769882765
5848.5 1.89 447.0954524278641 0.04266987174364339
5986.0 1.8 448.02438485622406 0.01252153532783252
5899.5 1.82 446.26702547073364 0.007032184890349468
6205.5 1.83 455.43859791755676 0.01826165387157579
6166.5 1.8 458.4091606140137 0.017124486866154903
6133.5 1.79 455.9238793849945 0.028717961839400036
5964.0 1.83 461.1370825767517 0.025978563363480384
6061.5 1.83 454.6101711988449 0.034792990810717524
6049.0 1.8 452.5096663236618 0.02201933204703584
6052.0 1.79 451.8233742713928 0.01928261111467212
5874.0 1.87 448.02438485622406 0.022198754368556017
5754.0 1.88 447.48022842407227 0.028882575314835682
5877.5 1.85 445.78174459934235 0.043186314756765445
6016.0 1.81 446.8528118133545 0.017555951550413354
5879.5 1.81 444.6101713180542 0.011831826464743319
6205.0 1.8 453.6812393665314 0.007907123661506284
6171.0 1.8 452.8528118133545 0.014277536715378267
6134.0 1.77 454.50966572761536 0.021749445622003937
6076.0 1.83 455.33809328079224 0.013386122760491994
6030.0 1.79 455.1959578990936 0.015647082173492814
6069.0 1.8 449.19595754146576 0.02782471561880591
6047.0 1.79 452.9949469566345 0.009949461359505255
5883.5 1.84 452.7523069381714 0.027897744343811502
5715.5 1.85 453.3797231912613 0.040493556330463865
5894.5 1.85 448.26702558994293 0.04296087033046961
5951.5 1.8 453.5807338953018 0.019927804555155613
5920.5 1.78 444.26702523231506 0.018354819970216728
6189.5 1.84 455.0954524278641 0.011243279118134384
6147.0 1.8 458.16652023792267 0.0162030639771443
6169.5 1.79 456.26702558994293 0.028249170962369636
6021.0 1.83 455.96550989151 0.018560225653782486
6101.5 1.83 451.7817438840866 0.04229166574658801
6070.5 1.81 452.26702558994293 0.022808041977050025
6058.0 1.77 450.16652035713196 0.01446932332852861
5895.0 1.87 449.6812390089035 0.017399504313889324
5697.0 1.88 448.30865573883057 0.04121848289781382
5849.5 1.89 447.0954524278641 0.04361709772872487
5985.0 1.8 447.19595766067505 0.01433741048073813
5903.5 1.82 446.26702558994293 0.010227095938458915
6180.5 1.8 457.58073365688324 0.021918729722827563
6162.0 1.8 455.6812387704849 0.012597634034349702
6115.0 1.8 454.8528116941452 0.02649769668376034
6013.5 1.81 455.23758816719055 0.019483059976707066
6065.0 1.81 451.5391033887863 0.04163795589909886
6055.0 1.81 450.02438509464264 0.023625329948974667
6061.5 1.81 451.58073377609253 0.018078120806640823
5869.5 1.85 448.6101715564728 0.023327762738291843
5782.0 1.85 448.16652023792267 0.025993348862051634
5888.5 1.85 446.26702547073364 0.04444912614119674
5995.5 1.81 449.4385986328125 0.010046462991254385
5911.0 1.81 444.02438509464264 0.008784110438243894
6220.0 1.81 457.68123865127563 0.01836392045501172
6214.0 1.8 456.5096660852432 0.02473877712945909
6124.0 1.79 454.50966584682465 0.03270216154433818
6050.5 1.83 456.5512956380844 0.01642545212569893
6043.0 1.83 458.8528116941452 0.02694911598523543
6011.5 1.82 444.95331704616547 0.028156098841810365
6053.5 1.81 451.9238797426224 0.020717445297694786
5861.5 1.84 450.2670258283615 0.026777254120214526
5797.5 1.88 445.4385986328125 0.028508609305058143
5899.5 1.85 449.2375878095627 0.03398497049036948
6017.5 1.84 450.61017096042633 0.037006733930212254
5906.5 1.82 444.2670257091522 0.00448988619952918
6160.5 1.84 455.9238797426224 0.013635364660534383
6179.5 1.8 457.5807338953018 0.02268983357156242
6066.0 1.77 450.02438497543335 0.03122371771613162
5944.5 1.81 454.8944419622421 0.016409869964238974
6018.5 1.81 452.95331728458405 0.022314035238132267
5979.0 1.81 450.50966572761536 0.03133386040244442
6008.5 1.81 452.75230646133423 0.012709947079206496
5873.5 1.87 449.43859827518463 0.02812987196100555
5752.5 1.88 444.7523065805435 0.01896892540684553
5829.5 1.85 450.4091604948044 0.03843472931607431
5944.0 1.84 448.3675311803818 0.0037419086958044383
5875.5 1.84 443.78174436092377 0.02503126941321937
6174.0 1.81 457.33809316158295 0.016977826471275142
6193.0 1.8 458.9949474334717 0.029575609122250164
6069.0 1.77 449.19595777988434 0.028070479251640183
5959.5 1.81 456.8944422006607 0.01965387609383503
6092.5 1.81 454.26702535152435 0.02174894360105251
5958.0 1.82 447.19595754146576 0.03810591200587551
6020.0 1.81 454.65180146694183 0.021075428155774907
5913.5 1.84 453.58073377609253 0.025704480636305295
5756.0 1.86 447.82337474823 0.02081869177337932
5797.5 1.85 452.0660146474838 0.05032858282397907
5978.5 1.84 449.0954524278641 0.036786763101015585
5861.0 1.81 447.6812392473221 0.022641123878265872
6183.0 1.81 458.16652035713196 0.011154296920017008
6188.0 1.8 457.8233746290207 0.006427925641871686
6076.5 1.81 454.26702547073364 0.03632094255758049
5876.0 1.85 457.96550953388214 0.0387087654498083
6148.5 1.83 456.2670257091522 0.027115384670483536
5948.0 1.81 448.50966584682465 0.029481623618404753
6034.0 1.79 454.65180134773254 0.022516916295219184
5933.0 1.84 450.5096660852432 0.017625428996327464
5768.5 1.88 451.72286903858185 0.029541901837211622
5836.0 1.87 451.1370825767517 0.0428438120778374
5981.0 1.82 447.19595766067505 0.037268419895343546
5866.5 1.82 446.7523066997528 0.006247896093731016
6112.0 1.8 456.16652035713196 0.014517656355519904
6084.0 1.81 450.02438473701477 6.708995221645087e-13
6115.0 1.8 455.6812390089035 0.0247268293244904
5948.5 1.81 460.8944422006607 0.0187476303388045
6076.5 1.81 453.7817442417145 0.03265890371306244
6004.0 1.81 448.8528115749359 0.019613797847250525
5987.0 1.81 449.3380935192108 0.011582745423377576
5906.0 1.87 452.1665199995041 0.019479811897156474
5673.0 1.88 504.79393684864044 0.02816128555146163
5791.5 1.87 451.23758804798126 0.04831605165863938
5968.0 1.78 449.1959578990936 0.014915193140092643
5897.0 1.82 447.6812391281128 0.016038246910720536
