6631.0 1.8 460.3675309419632 0.03133620739062308
6631.0 1.78 462.85281205177307 0.026913027352463592
6594.0 1.76 462.5096660852432 0.032711417960098646
6537.0 1.76 460.16652059555054 0.032434205633750185
6548.5 1.8 461.43859815597534 0.04052317580802166
6488.0 1.79 457.6812391281128 0.027455621486640287
6534.0 1.75 457.6812391281128 0.023420602383732947
6401.0 1.84 456.02438509464264 0.030848341224066714
6252.0 1.83 452.50966584682465 0.034503176737152565
6417.0 1.8 456.9949473142624 0.037910626609106254
6551.0 1.77 456.85281205177307 0.030947685483491163
6406.5 1.77 453.0954524278641 0.013656433531735035
6585.0 1.78 460.5096665620804 0.0223919660462839
6595.0 1.78 461.6812391281128 0.01414127003800304
6580.5 1.78 458.26702547073364 0.02218540581509512
6491.5 1.79 459.58073353767395 0.01660171286396561
6612.5 1.8 462.26702523231506 0.028333501947784036
6491.0 1.79 456.8528119325638 0.02453340441205706
6505.0 1.75 457.33809328079224 0.019882999544948817
6368.5 1.81 455.09545278549194 0.031219303382397152
6296.0 1.83 452.50966572761536 0.033579176744144824
6346.5 1.8 452.26702558994293 0.0366184804788439
6486.5 1.79 455.4385986328125 0.031097404781556603
6411.5 1.77 453.9238796234131 0.017472736561598715
6603.0 1.8 461.6812388896942 0.014645857833493975
6593.0 1.76 463.33809328079224 0.016537927536145986
6614.5 1.78 461.0954531431198 0.027474253723974683
6498.0 1.79 456.8528118133545 0.018270275847389352
6551.5 1.8 458.95331716537476 0.04159938009156722
6512.5 1.79 455.09545290470123 0.030995792846350487
6523.5 1.76 457.9238795042038 0.02214756813683427
6394.0 1.84 455.6812388896942 0.02765456588616257
6266.0 1.84 452.5096660852432 0.03207467949963981
6361.5 1.8 453.09545254707336 0.043798357760368264
6516.5 1.77 455.0954521894455 0.018941407773210784
6431.0 1.77 455.3380934000015 0.017329028170044097
6618.0 1.8 461.6812388896942 0.03337393084096347
6591.5 1.78 461.9238796234131 0.02045299071631865
6603.0 1.78 461.3380936384201 0.029313135409692315
6486.5 1.79 460.7523065805435 0.01680305000044347
6517.0 1.8 459.6812391281128 0.027951498299906175
6501.0 1.76 456.16652059555054 0.02537822672351926
6505.5 1.79 456.7523065805435 0.016166480490965487
6375.5 1.84 453.78174448013306 0.02618170750777823
6260.0 1.84 452.8528119325638 0.03448661539161236
6387.5 1.83 453.9238796234131 0.03811651944448668
6501.0 1.77 456.85281217098236 0.016014624817651885
6430.5 1.77 452.2670257091522 0.015857681652048806
6605.0 1.8 459.6812391281128 0.023017909582957897
6611.0 1.78 459.1959578990936 0.022375624368215268
6585.5 1.74 459.4385986328125 0.026949965971235907
6456.5 1.79 458.2670257091522 0.018411674495777457
6525.0 1.8 461.6812391281128 0.0224048869901323
6512.5 1.8 454.6101713180542 0.025769500726656194
6504.5 1.75 454.7523069381714 0.02114992970754069
6338.5 1.81 456.26702558994293 0.03686793271349341
6303.5 1.83 452.2670257091522 0.03691010553373248
6372.0 1.8 454.50966596603394 0.0416577512046533
6478.5 1.75 457.58073329925537 0.032694544892497304
6423.0 1.77 454.5096660852432 0.02228264075540012
6618.0 1.8 461.6812390089035 0.012943323651492809
6590.5 1.76 462.7523065805435 0.024118532410514707
6619.5 1.78 461.92387998104095 0.027090563118320917
6497.5 1.79 457.09545290470123 0.021226291944235823
6531.5 1.79 456.95331716537476 0.04084633291017805
6508.0 1.79 455.68123948574066 0.03085795055950077
6500.5 1.76 457.09545254707336 0.015213589125798186
6392.0 1.84 455.6812392473221 0.027705292042604048
6267.0 1.83 454.5096662044525 0.029710472722483814
6370.0 1.8 455.33809328079224 0.04599809678898361
6527.5 1.77 457.09545278549194 0.022632962919136253
6423.0 1.77 450.50966596603394 0.0188662213079022
6614.0 1.8 462.50966596603394 0.03458832314913462
6595.5 1.78 461.9238796234131 0.020085501228489455
6607.0 1.78 461.3380936384201 0.028707190851818245
6487.5 1.79 461.58073377609253 0.019060813685067332
6542.5 1.8 461.92387986183167 0.03803004746929311
6499.5 1.79 455.09545278549194 0.028092072969230428
6503.5 1.79 456.7523065805435 0.018041410256003948
6372.0 1.83 452.3675308227539 0.024262243687558405
6268.5 1.84 453.9238797426224 0.03103974152356485
6380.5 1.83 453.09545254707336 0.03787023642454583
6502.5 1.77 455.4385985136032 0.016875060499491258
6422.5 1.77 452.26702558994293 0.01672014272361544
6605.5 1.8 461.4385985136032 0.014183385125391034
6612.0 1.78 459.1959580183029 0.02551089717367963
6581.5 1.74 460.2670257091522 0.029122547195123732
6476.5 1.79 457.43859827518463 0.02207135759949911
6517.0 1.83 460.8528119325638 0.02435527789267667
6511.5 1.8 453.7817441225052 0.026708480740268357
6496.5 1.75 456.7523068189621 0.020317134543392047
6370.0 1.84 457.6812391281128 0.02773900366683334
6323.5 1.84 454.7523068189621 0.02872313413152806
6390.0 1.8 454.50966596603394 0.04082793529712938
6475.0 1.77 459.33809328079224 0.027674857305375705
6433.0 1.77 454.5096660852432 0.02434608736112533
6622.0 1.8 460.5096662044525 0.026860842358477296
6601.5 1.78 461.0954524278641 0.020738918979654304
6621.0 1.78 461.3380934000015 0.03039849859561366
6475.0 1.79 459.6812391281128 0.018716443034705193
6560.5 1.8 459.78174448013306 0.04299084799400572
6525.5 1.79 452.6101714372635 0.03480933198308176
6505.0 1.75 455.33809304237366 0.021083746297966915
6383.5 1.84 456.26702535152435 0.02549387844927312
6295.5 1.83 454.7523068189621 0.030228653091979637
6359.5 1.8 452.26702523231506 0.04099472033488687
6523.0 1.79 454.5096660852432 0.018797337303815737
6427.5 1.77 455.9238796234131 0.01656340373879433
6634.0 1.78 462.50966596603394 0.03306835920915903
6617.5 1.78 463.09545266628265 0.023246396222832765
6583.5 1.76 460.7523069381714 0.034180311981040865
6509.5 1.76 461.09545266628265 0.020271932132367842
6552.0 1.8 461.1959578990936 0.03387666540754723
6493.5 1.79 452.26702547073364 0.025343087911456955
6521.5 1.79 456.75230598449707 0.014979230130562658
6385.0 1.84 453.1959578990936 0.023925701176379034
6244.5 1.83 453.09545254707336 0.03126499425681307
6392.0 1.83 452.8528116941452 0.03652890151728644
6511.0 1.79 455.33809328079224 0.017844949645873354
6379.0 1.77 455.3380936384201 0.02361157726605304
6599.5 1.76 461.9238797426224 0.031864257476002494
6571.5 1.78 460.6101710796356 0.010216432255886787
6597.5 1.74 459.4385987520218 0.027379927412720183
6485.0 1.76 460.9949473142624 0.011936639301653588
6582.0 1.8 461.6812388896942 0.025163917044231418
6530.5 1.8 455.4385983943939 0.027719635833662017
6511.0 1.75 456.99494683742523 0.022650773633739636
6407.5 1.81 456.26702547073364 0.027504189769484856
6342.5 1.84 455.58073377609253 0.024519454378762233
6383.5 1.8 452.26702535152435 0.03759742423334441
6520.0 1.77 454.50966584682465 0.020111899359551322
6430.0 1.77 454.5096660852432 0.021564473152735738
6623.0 1.8 461.33809292316437 0.03646571100084269
6602.5 1.78 463.92387986183167 0.024472131619176943
6620.5 1.76 459.9238795042038 0.03199243293993448
6505.5 1.8 462.7523066997528 0.0299625954948526
6559.0 1.8 459.1959578990936 0.04166675563441114
6545.0 1.76 457.6812392473221 0.026889817196712476
6515.5 1.75 455.9238797426224 0.024553451404212383
6371.0 1.84 453.19595777988434 0.023501165020074006
6319.5 1.83 453.0954520702362 0.025387848688797957
6357.5 1.81 453.9238796234131 0.04192909626791745
6523.0 1.79 455.6812391281128 0.019550911308672658
6419.0 1.77 452.5096660852432 0.01601012615367036
6629.0 1.79 462.9949471950531 0.03472118206704389
6620.0 1.78 462.8528119325638 0.026716257343154026
6605.5 1.76 460.75230622291565 0.034152493841736374
6521.0 1.78 462.9949474334717 0.02241698226408027
6548.0 1.8 462.02438485622406 0.03168510656403919
6523.0 1.79 459.33809316158295 0.03280806492466098
6515.0 1.75 457.6812392473221 0.019673636496978487
6373.0 1.84 453.1959580183029 0.024828494944682797
6303.5 1.83 453.9238791465759 0.027025286684320107
6361.0 1.84 453.6812387704849 0.03812025349324401
6521.0 1.79 457.33809292316437 0.02425309670158572
6398.0 1.77 454.16652047634125 0.01728437118507976
6608.5 1.8 462.26702523231506 0.01407799351061301
6611.0 1.78 459.1959580183029 0.024470020629094043
6584.0 1.75 462.16652035713196 0.026799129048867457
6508.0 1.79 458.8528119325638 0.02311515940792631
6524.5 1.83 462.26702535152435 0.02390909824470035
6520.5 1.79 456.26702547073364 0.028949821806607105
6516.5 1.75 455.9238796234131 0.01810307981276622
6357.5 1.84 458.7523066997528 0.03118392334894106
6318.5 1.83 452.2670258283615 0.02654828871381932
6390.0 1.8 454.50966584682465 0.038164886771670584
6471.0 1.77 458.5096660852432 0.027101074526789656
6412.0 1.77 453.6812391281128 0.020951774722160352
6641.0 1.82 461.33809328079224 0.033457709668314725
6606.5 1.78 462.26702558994293 0.027917066962615363
6611.0 1.76 461.33809292316437 0.0328149715105062
6504.0 1.79 461.33809328079224 0.027656555751314545
6559.5 1.8 459.78174459934235 0.0409982078205065
6536.0 1.76 459.33809304237366 0.028085433005839693
6520.5 1.75 457.9238793849945 0.024361276827033675
6377.0 1.84 454.85281205177307 0.025485204427930185
6300.5 1.83 453.9238795042038 0.02973046999960906
6360.5 1.81 455.09545266628265 0.041697832745361575
6514.5 1.79 456.2670258283615 0.021139001095870025
6408.5 1.77 453.9238796234131 0.015144296466962595
6621.5 1.78 463.9238796234131 0.02961392121381907
6605.0 1.78 461.6812391281128 0.021249530530069262
6598.5 1.78 460.7523070573807 0.03181045755018796
6505.5 1.76 461.09545254707336 0.015113447394349076
6538.5 1.83 460.6101714372635 0.02526292875385556
6537.5 1.78 456.26702547073364 0.02921927741259854
6514.0 1.79 457.3380926847458 0.016579716941067985
6378.5 1.84 454.26702523231506 0.024612334608043504
6297.5 1.83 454.7523069381714 0.02562745043985137
6387.0 1.83 452.0243844985962 0.03564561708056803
6498.0 1.79 455.33809316158295 0.01539056361590397
6408.0 1.77 454.5096663236618 0.0188844149244982
6624.0 1.79 460.85281240940094 0.01786595571448235
6608.5 1.76 462.26702547073364 0.026202459068543217
6557.5 1.76 460.75230634212494 0.03561681024075912
6526.5 1.79 459.09545254707336 0.012327062900321742
6533.0 1.8 461.68123948574066 0.030104616784030338
6487.0 1.77 454.5096664428711 0.027148748992624868
6518.0 1.75 457.3380928039551 0.02196167298710675
6370.5 1.81 457.09545254707336 0.03588441753133674
6247.0 1.85 451.6812391281128 0.03252323821095801
6401.5 1.83 452.6101713180542 0.030779856350166824
6523.5 1.77 454.26702558994293 0.027156761187027506
6416.0 1.77 453.6812392473221 0.01229995619225959
6629.5 1.79 462.7523070573807 0.031146984562401243
6620.5 1.76 461.9238792657852 0.0315399487506417
6570.0 1.76 461.33809292316437 0.03426833082354325
6493.0 1.78 462.1665201187134 0.01804100928591225
6532.5 1.83 462.26702558994293 0.02677398700856685
6472.5 1.79 454.2670251131058 0.01954214043304884
6505.5 1.79 457.9238796234131 0.020510447359589245
6378.0 1.84 454.02438485622406 0.025299432164173175
6259.0 1.83 454.5096663236618 0.03326298216276259
6397.5 1.83 455.09545254707336 0.032461407248466724
6501.5 1.79 456.2670258283615 0.014786566342793177
6404.0 1.76 452.5096662044525 0.025910996184689488
6619.0 1.79 462.5096660852432 0.01814224223364998
6615.5 1.76 462.26702547073364 0.021805765423612067
6568.0 1.74 458.5096660852432 0.02892096563305673
6515.0 1.8 457.6812391281128 0.01731409271658373
6625.0 1.8 463.6812393665314 0.031395534822578945
6469.5 1.77 455.4385985136032 0.026510445081461213
6524.0 1.76 458.16652059555054 0.01615888886811354
6416.0 1.81 458.9949473142624 0.02771094690433876
6252.5 1.84 453.4385985136032 0.03407734674283989
6378.0 1.83 453.6812391281128 0.0371735523510499
6518.0 1.81 457.6812388896942 0.022994183068563684
6394.5 1.76 451.9238797426224 0.012443798179850862
6618.5 1.82 463.09545278549194 0.016165474092899347
6630.5 1.76 463.9238795042038 0.01961413154185132
6598.0 1.78 458.5096662044525 0.03257605784626318
6503.0 1.8 459.6812391281128 0.018356603598810216
6602.0 1.8 462.8528118133545 0.03587866076621751
6497.5 1.79 455.09545254707336 0.025015943539541296
6539.5 1.76 457.9238793849945 0.022988605226894575
6421.5 1.81 456.26702558994293 0.026376406985745126
6271.0 1.83 450.5096662044525 0.032296467039683675
6371.0 1.8 453.6812390089035 0.044086187908846435
6507.5 1.79 455.4385977983475 0.019110587677649647
6404.0 1.8 451.6812388896942 0.013313363682433962
6599.0 1.78 461.6812391281128 0.01729353375886996
6557.5 1.78 461.4385983943939 0.007847566429326526
6611.0 1.78 460.5096664428711 0.025425502891258188
6498.0 1.79 457.6812387704849 0.013983788910503126
6573.0 1.8 460.3675307035446 0.033956416183572036
6514.0 1.76 456.16652047634125 0.023999337325623697
6481.5 1.79 454.26702535152435 0.02059620185666123
6407.0 1.81 455.6812393665314 0.029320068107289765
6282.0 1.83 453.6812391281128 0.02768532308255832
6381.5 1.83 454.26702535152435 0.0329348052025085
6531.5 1.77 453.4385985136032 0.02949943073642098
6439.5 1.79 453.92387986183167 0.016448970617847558
6624.5 1.8 461.92387986183167 0.014202483171286494
6582.5 1.78 461.43859827518463 0.008130418622034114
6589.0 1.78 461.33809328079224 0.027593477109912334
6497.5 1.8 457.9238795042038 0.01258905774174404
6576.5 1.8 461.7817442417145 0.036511693399865916
6479.0 1.79 455.3380935192108 0.02337811475601015
6549.5 1.76 459.5807338953018 0.01366067994501612
6396.0 1.84 454.85281229019165 0.029172370383439342
6255.5 1.84 453.9238796234131 0.03302985470025306
6428.5 1.8 455.0954524278641 0.0331109971628851
6527.0 1.77 457.3380934000015 0.02354613244784546
3245.5 0.8 310.4680358171463 0.17371290042101065
6604.0 1.82 461.6812391281128 0.01366785133739719
6602.0 1.78 460.02438485622406 0.008716934446907078
6622.5 1.76 459.0954523086548 0.030212831187950578
6504.5 1.79 457.4385983943939 0.015157175801344921
6602.0 1.8 460.02438521385193 0.034097410516376714
6499.0 1.77 455.19595777988434 0.02542385831400536
6512.0 1.75 456.50966572761536 0.022760935957038438
6407.0 1.81 455.19595742225647 0.027971541104109515
3250.5 0.8 309.9827547073364 0.18476451966506932
6392.5 1.83 452.26702558994293 0.030317778779960336
6522.0 1.79 455.68123853206635 0.016402255210248972
6261.5 1.83 451.09545254707336 0.03851627060662071
6611.5 1.8 460.6101715564728 0.012439289620917825
6617.0 1.78 460.85281205177307 0.009192942013350892
6618.5 1.76 459.9238793849945 0.030890821340225368
6512.5 1.79 458.2670257091522 0.017413332131205165
6604.0 1.8 460.02438521385193 0.03446453518210095
3257.0 0.81 310.56854128837585 0.17795198507282586
6522.5 1.75 457.09545254707336 0.02066689860387533
6412.0 1.81 455.19595742225647 0.02896442018599755
6490.5 1.79 455.9238797426224 0.023294415913481425
6401.5 1.83 451.43859827518463 0.030194566719902217
6525.5 1.79 454.61017072200775 0.01489970011910378
6263.5 1.83 451.92387998104095 0.03743901006886575
6616.0 1.8 461.6812391281128 0.01233045389603846
6597.0 1.76 462.50966584682465 0.009201485397004813
3276.0 0.8 310.911687374115 0.18311509834036582
6520.5 1.79 458.2670251131058 0.012194037180725023
6584.5 1.8 461.4385983943939 0.03410783442297021
6510.0 1.79 458.1665197610855 0.021987226195564175
6541.5 1.75 455.9238797426224 0.016267427338662783
6416.5 1.84 455.4385987520218 0.030428246356718106
6491.5 1.77 454.26702558994293 0.02733547076711275
6422.0 1.81 456.9949470758438 0.03167557806569328
6546.5 1.79 455.4385985136032 0.023948134291140136
6251.0 1.81 450.02438485622406 0.03627387417726792
6596.5 1.8 460.26702558994293 0.01397328489846403
6586.0 1.76 461.6812388896942 0.00902513787825186
6630.0 1.78 459.68123865127563 0.022237790263169945
6503.0 1.79 456.8528114557266 0.012260367366955491
6576.5 1.8 460.6101714372635 0.03272688573196388
6515.5 1.79 458.75230634212494 0.02284636608969242
6529.5 1.76 455.09545254707336 0.016404413207641366
6422.5 1.81 456.2670257091522 0.030519858512087588
6498.5 1.77 453.4385983943939 0.02706230887199031
6403.5 1.8 455.0954524278641 0.029202755221365582
6263.5 1.81 450.6101714372635 0.03666190494680972
3183.5 0.79 309.1543276309967 0.18002496992457293
3400.5 1.06 287.49747383594513 0.36734576130505625
6391.0 1.84 455.1959580183029 0.02994702685230194
6491.5 1.83 457.4385983943939 0.019521822375762644
6594.5 1.74 461.9238792657852 0.026125200346857076
6578.0 1.8 461.6812392473221 0.023157790287967845
6499.5 1.76 457.92387986183167 0.015927255815133958
6526.0 1.79 456.8528119325638 0.017565241013196044
6468.5 1.79 456.2670251131058 0.01732333407482961
6507.0 1.79 458.85281205177307 0.03516364263113344
6461.5 1.77 453.9238796234131 0.024004011411051518
6479.5 1.79 454.26702535152435 0.021485700179432878
6317.5 1.81 450.61017167568207 0.027556822048886025
6600.5 1.8 460.26702547073364 0.012643187844909356
6576.5 1.76 462.26702523231506 0.008956919792589113
6619.0 1.78 459.6812388896942 0.024007988180447474
6512.5 1.79 457.43859815597534 0.011787895258833989
6564.5 1.8 460.6101714372635 0.03452089530048135
6498.5 1.79 458.75230634212494 0.02307171673011422
6537.5 1.76 456.7523066997528 0.017289615891433494
3205.0 0.8 309.740114569664 0.1716107526599689
6480.0 1.77 452.8528119325638 0.027977654180019244
6415.5 1.81 456.7523065805435 0.03263547381042439
6338.0 1.83 453.6812392473221 0.03790311713139878
6236.0 1.84 449.19595754146576 0.035502618581038654
6598.0 1.8 459.6812390089035 0.013120987268012078
6577.5 1.76 462.26702535152435 0.008855204487039036
6619.0 1.78 459.6812388896942 0.024469465116213594
6510.5 1.79 457.43859815597534 0.012053823540072032
3188.0 0.79 311.39696884155273 0.18932605451044687
6500.5 1.79 457.9238792657852 0.02301295839087359
6527.5 1.75 455.09545266628265 0.018785214159381645
6503.0 1.81 459.19595766067505 0.023914341735107904
6478.0 1.77 453.6812391281128 0.027671533805070467
6399.5 1.81 456.75230646133423 0.03187089604671797
6339.5 1.83 454.2670257091522 0.03716194651078341
6234.5 1.84 448.6101713180542 0.03501257600721736
6601.5 1.8 460.26702558994293 0.013875284997150754
3247.5 0.79 311.9827551841736 0.1722502323125075
6626.0 1.78 459.6812387704849 0.024339633195352935
6515.5 1.79 457.43859791755676 0.011286741291503087
6564.0 1.76 461.33809292316437 0.025505120317909094
6512.5 1.76 459.58073353767395 0.025251033145469406
6528.0 1.75 455.6812391281128 0.018217868218437943
6506.0 1.81 459.1959578990936 0.024315321777696575
6491.5 1.77 453.4385983943939 0.02794950497112315
6406.5 1.84 456.75230634212494 0.03310348186741536
6358.5 1.83 458.40916109085083 0.03558074562177084
6246.5 1.81 449.7817442417145 0.036489627127283486
6612.5 1.8 463.0954523086548 0.01264626952296613
6521.5 1.79 463.5807340145111 0.01980336522887963
6622.0 1.78 459.6812388896942 0.023611453224572625
6513.5 1.79 457.4385983943939 0.01362272438466922
6568.0 1.76 459.6812390089035 0.02673964046797772
6503.5 1.79 458.75230646133423 0.022415415267842232
6519.0 1.75 455.6812391281128 0.019916449991205447
6508.5 1.81 458.6101710796356 0.024609107980912474
6474.0 1.77 452.8528118133545 0.02685528861889178
6333.0 1.83 452.8528119325638 0.03885011212063857
3187.5 0.8 308.3259006738663 0.18444595477557407
6241.0 1.84 450.02438485622406 0.03567894217229096
6608.5 1.8 463.0954523086548 0.012489654852103446
6514.5 1.8 464.40916085243225 0.023554963899727492
6623.0 1.78 459.6812388896942 0.02298677009899514
6517.5 1.76 457.4385976791382 0.020976691303885974
6562.0 1.76 459.6812391281128 0.026082690884675287
6504.5 1.79 458.75230646133423 0.022652600661930155
6505.5 1.81 457.7817440032959 0.025291736936499006
3177.0 0.81 310.56854140758514 0.1764837734918798
6477.0 1.77 452.8528119325638 0.02736782224805214
6495.0 1.75 455.33809304237366 0.016701491278059682
6327.5 1.83 452.6101714372635 0.03824060342657376
6245.0 1.81 450.8528119325638 0.03601097286935996
6613.5 1.78 461.9238797426224 0.01602088015834411
6533.5 1.79 460.26702535152435 0.01839556627213638
6629.0 1.78 459.6812387704849 0.024225339646995976
3207.5 0.82 312.811182141304 0.1734835478523744
6560.0 1.76 460.50966584682465 0.024543506647482515
6509.5 1.76 459.58073341846466 0.026652181532521337
6510.0 1.76 456.85281217098236 0.02057271114541279
6516.0 1.79 460.02438485622406 0.02914118502836522
6485.5 1.77 454.26702547073364 0.028439275687602468
6491.5 1.75 454.7523069381714 0.02393978372689731
6393.5 1.83 455.09545278549194 0.027176277554653645
6244.5 1.81 449.78174436092377 0.036140763235037815
3219.5 0.82 313.1543278694153 0.19977326532374698
6528.0 1.83 458.02438485622406 0.021240052361321513
6640.0 1.74 460.50966584682465 0.034472726333150225
6599.0 1.79 458.02438485622406 0.0372124114097572
6548.5 1.8 460.6101710796356 0.008827298338641003
6518.5 1.76 459.58073353767395 0.029426847675312968
6473.0 1.79 455.6812388896942 0.019542723024559127
6562.5 1.79 459.7817440032959 0.04128796870274322
6472.5 1.79 454.26702547073364 0.031229937408394748
6476.0 1.77 452.5096662044525 0.018365261643473095
6383.5 1.83 453.43859815597534 0.02502644244076972
6211.0 1.81 450.02438521385193 0.04008051492907912
6398.5 1.84 457.4385985136032 0.03344394139798188
6528.0 1.83 458.0243844985962 0.02073909458460047
6626.0 1.75 462.1665201187134 0.02901644453966454
6591.5 1.79 458.26702547073364 0.03638321505542738
6536.5 1.79 458.6101710796356 0.009797620057407863
6510.5 1.76 458.75230634212494 0.03042496157098252
6466.5 1.77 454.6101711988449 0.020668816524467584
6552.5 1.79 460.26702523231506 0.04040215951036928
6472.5 1.77 455.09545266628265 0.030254100071693667
6488.5 1.77 452.26702547073364 0.02497369613096405
6383.0 1.84 452.02438485622406 0.02510001963335598
5984.0 1.37 388.911687374115 0.13990756066518875
6379.5 1.81 458.7523068189621 0.03540934698909306
6525.5 1.83 459.43859803676605 0.02089461708612936
6633.0 1.75 461.33809316158295 0.030066904357338796
6583.5 1.76 459.09545278549194 0.03511916748136241
6534.0 1.79 457.19595742225647 0.01328628052551861
6509.0 1.76 460.1665198802948 0.0283844848188495
6473.5 1.79 455.4385985136032 0.021337407431710673
6544.0 1.79 459.19595766067505 0.04034628065536217
6044.0 1.39 393.396968126297 0.1443177262817445
6479.5 1.75 454.75230646133423 0.022522663672426346
6392.0 1.83 452.8528118133545 0.0268097851670464
6398.5 1.8 454.7523068189621 0.023982552257102035
6388.5 1.81 458.7523066997528 0.03483507846752326
6536.5 1.83 459.43859803676605 0.022021971810703967
6637.5 1.75 460.7523065805435 0.030587513993328562
6583.5 1.76 459.09545278549194 0.034494284326458374
6550.5 1.79 458.61017096042633 0.009427833608525244
6064.0 1.35 395.39696848392487 0.1480842885203714
6474.5 1.79 456.26702558994293 0.021004772666989913
6551.0 1.79 460.02438485622406 0.04137228913201119
6471.5 1.8 456.26702558994293 0.032895184542299324
6478.0 1.75 454.1665199995041 0.0223879793909082
6399.0 1.83 453.6812388896942 0.02690591227274689
6423.5 1.8 455.5807338953018 0.0341842379337522
6371.5 1.81 460.40916097164154 0.036879065521095974
6525.5 1.83 459.43859827518463 0.02072545931382032
6130.5 1.36 397.639609336853 0.1440284847046549
6583.5 1.76 459.09545278549194 0.03360883374241961
6535.5 1.79 457.7817440032959 0.012321407973437266
6546.5 1.76 458.7523066997528 0.03412894122228429
6471.5 1.77 454.6101714372635 0.019455043387519553
6542.0 1.79 460.0243846178055 0.039167839094219885
6467.5 1.8 456.2670257091522 0.03431614852404023
6485.5 1.75 455.58073353767395 0.023699556508544044
6393.0 1.83 452.8528119325638 0.02589204409019729
6410.5 1.8 453.9238796234131 0.026904036219248688
6346.5 1.81 457.9238797426224 0.041717483545169756
6524.5 1.83 459.43859815597534 0.020649193239466054
6397.5 1.84 455.4385985136032 0.025671943986376903
6575.5 1.76 459.09545278549194 0.03345519545378308
6538.0 1.79 458.0243844985962 0.011540128740984925
6553.5 1.76 458.7523065805435 0.03303911183246511
6465.0 1.79 454.85281205177307 0.021170602358144143
6540.0 1.79 460.0243846178055 0.04023592076924382
6466.5 1.8 456.2670258283615 0.03459122042021043
6467.0 1.75 454.1665199995041 0.023128208584457473
6011.5 1.39 393.1543278694153 0.14031393489546728
6406.5 1.8 454.7523068189621 0.029135282997045736
6362.5 1.84 458.7523066997528 0.036757456678863855
6534.0 1.83 457.1959573030472 0.0226311114873292
6414.0 1.84 456.02438521385193 0.02815479799340295
6559.5 1.79 458.2670257091522 0.03428894283288939
6550.0 1.8 460.02438473701477 0.009456143708220817
6581.0 1.76 457.6812390089035 0.03434973688014394
6464.0 1.79 455.6812390089035 0.021236696692716463
6095.0 1.37 395.3969683647156 0.1359780318581336
6495.5 1.79 458.7523068189621 0.028781062940422156
6439.0 1.77 452.50966584682465 0.01863639728643979
6475.0 1.81 454.3675307035446 0.03633593027616545
6454.0 1.81 452.85281229019165 0.03705926875254019
6416.0 1.81 457.3380934000015 0.034201656080771414
6525.0 1.79 460.8528119325638 0.018472194393577817
6408.5 1.81 455.4385983943939 0.026300435205744745
6572.0 1.79 457.1959580183029 0.015892996484636737
6119.5 1.38 396.325900554657 0.14296473816274782
6546.0 1.76 459.33809328079224 0.03466415884847171
6497.5 1.79 457.09545278549194 0.021106397613552475
6560.5 1.76 459.9238795042038 0.021979065360247886
6464.5 1.8 457.09545266628265 0.03449390106263234
6491.0 1.75 456.16652023792267 0.020502570144590684
6446.0 1.81 454.36753046512604 0.03484516630803757
6407.0 1.8 452.02438509464264 0.025225094358238925
6413.5 1.81 457.92387986183167 0.033896802505997956
6153.0 1.36 397.74011409282684 0.14485172257418616
6401.5 1.84 455.4385983943939 0.02580685314633515
6574.0 1.79 458.02438509464264 0.016585724730571134
6427.0 1.81 458.02438497543335 0.03435776563452719
6541.5 1.76 458.7523068189621 0.03686628513980995
6495.5 1.79 456.2670257091522 0.019309347294059004
6557.0 1.76 460.5096660852432 0.02216954471342804
6466.5 1.8 456.2670257091522 0.035547035749990186
6485.0 1.75 456.16652047634125 0.02097939353762881
6444.0 1.81 455.19595754146576 0.03417739561600967
6405.5 1.8 451.4385986328125 0.0249816013316185
6380.0 1.81 462.30865597724915 0.039566806048849
6543.0 1.78 461.33809316158295 0.01575431148154988
6404.5 1.81 456.26702558994293 0.025778192144906998
6548.5 1.79 457.43859827518463 0.016531042401623522
6407.5 1.84 456.95331728458405 0.03439357414717649
6548.0 1.76 459.33809328079224 0.03409162673109847
6451.0 1.79 456.1665198802948 0.014847194975634935
6529.0 1.76 460.50966572761536 0.01939769028291059
6487.0 1.77 458.50966596603394 0.028770663783619106
6013.0 1.38 395.88224935531616 0.13792407989139446
6436.0 1.81 454.36753034591675 0.03104402315680999
6413.5 1.8 452.2670257091522 0.025462994185780158
6361.0 1.81 461.48022878170013 0.03927904826732872
6572.0 1.75 462.99494755268097 0.01594184412562549
6423.5 1.81 456.6101714372635 0.026143323416025026
6551.5 1.79 457.4385987520218 0.015928225071347783
6418.5 1.81 457.78174448013306 0.03421189336104911
6561.5 1.76 460.7523068189621 0.03392730367268949
6059.0 1.36 398.71067678928375 0.1353737495846102
6561.5 1.76 459.0954524278641 0.021812300115624128
6499.0 1.79 458.50966596603394 0.025776204919229346
6392.5 1.77 452.2670257091522 0.020969091891881987
6447.0 1.81 454.3675305843353 0.03581629661054648
6441.0 1.81 453.6812391281128 0.034178157369403335
6409.5 1.81 460.40916097164154 0.03540520343282125
6594.5 1.75 463.5807341337204 0.02177026847775073
6409.5 1.81 455.4385985136032 0.026196555892241603
6117.0 1.38 398.2253954410553 0.13789132503168872
6434.0 1.81 458.02438497543335 0.03268065345859176
6553.5 1.76 459.92387986183167 0.03454652936342656
6547.5 1.79 456.26702547073364 0.021265827044025156
6557.5 1.76 460.7523065805435 0.02183284897147977
6478.0 1.77 457.6812391281128 0.030429433597420404
6414.0 1.75 453.6812390089035 0.021668565699865073
6446.0 1.81 454.36753046512604 0.03484516630803757
6409.5 1.8 451.4385986328125 0.025448567727556583
6152.0 1.36 397.39696860313416 0.13814551148880846
6592.5 1.75 462.7523068189621 0.02073180997946666
6413.0 1.81 457.6812391281128 0.02621931166113176
6357.5 1.84 458.40916085243225 0.028187252123665754
6438.0 1.81 459.6812391281128 0.03387848169926589
6550.5 1.76 458.7523066997528 0.03393698329117636
6539.5 1.79 455.09545254707336 0.021140234639541525
6562.0 1.76 460.5096662044525 0.02122885373635412
6484.5 1.77 457.09545266628265 0.028738387444989376
6416.5 1.75 453.09545266628265 0.01939114174188433
6448.5 1.81 454.9533168077469 0.03482574506037936
6416.5 1.8 452.2670257091522 0.027302894348259693
6578.5 1.79 460.26702558994293 0.02666943220375934
6566.0 1.78 461.3380934000015 0.019105153056054956
6414.0 1.81 456.02438497543335 0.026580291956068113
6362.0 1.84 456.5096660852432 0.027618700679186668
6427.0 1.81 458.85281217098236 0.03286894438468426
6571.5 1.76 459.9238796234131 0.032853540457725136
6528.0 1.79 457.6812390089035 0.02115037373683515
6534.0 1.76 460.50966584682465 0.021217194261968914
6489.5 1.81 457.9238797426224 0.03322862869464155
6403.5 1.77 452.26702558994293 0.021657540517787274
6449.0 1.81 454.3675307035446 0.03612472176820409
6465.5 1.38 329.2132030725479 0.10770891723188859
6583.0 1.79 459.6812390089035 0.028625423757285134
6604.5 1.75 461.9238797426224 0.02197386499445999
6411.5 1.81 456.6101714372635 0.02646085434414398
6365.0 1.84 454.8528118133545 0.027918280605505608
6440.0 1.81 459.6812391281128 0.033248186236085504
6558.5 1.76 458.7523066997528 0.03325591322312517
6534.5 1.79 455.9238796234131 0.02046529086009867
6567.5 1.76 459.0954524278641 0.021995452821567837
6524.0 1.37 332.2842707633972 0.1111825557781807
6397.5 1.75 453.09545278549194 0.020923524369507517
6451.0 1.81 454.36753046512604 0.03536606974961144
6446.0 1.77 456.50966596603394 0.02889860223246885
6587.5 1.79 460.26702535152435 0.029406529321786917
6600.5 1.75 461.9238797426224 0.02249488443126544
6491.5 1.81 459.58073365688324 0.026501691146282896
6367.5 1.84 455.43859827518463 0.028269643351552774
6440.0 1.81 459.6812391281128 0.0336024861355246
6580.5 1.38 332.87005722522736 0.11154574773247038
6537.5 1.79 455.09545254707336 0.020888376313441672
6568.5 1.76 459.0954524278641 0.02022147914499917
6547.0 1.76 456.5096663236618 0.041644236142835384
6398.0 1.75 452.5096664428711 0.02104560845989669
6449.0 1.81 454.36753034591675 0.03540421637345479
6444.0 1.8 455.6812390089035 0.03846877825634882
6597.0 1.76 460.5096662044525 0.030802674897969767
6605.5 1.75 461.9238797426224 0.022481516577071564
6659.0 1.36 336.2842707633972 0.11184636603496152
6368.0 1.84 454.8528119325638 0.0274515352457872
6450.0 1.79 459.6812391281128 0.0324820642328064
6413.5 1.81 456.7523065805435 0.018845402025298923
6538.5 1.79 455.09545254707336 0.02185831247767003
6570.5 1.76 459.0954524278641 0.02173164148631182
6550.0 1.76 458.16652035713196 0.039486666736416966
6407.0 1.75 453.6812390089035 0.020813678939332836
6450.0 1.81 454.3675305843353 0.036237700702591975
6457.5 1.77 457.09545266628265 0.026035262696525115
6605.5 1.8 459.9238793849945 0.028704540740745736
6587.0 1.75 462.99494755268097 0.022387718433954668
6562.5 1.78 461.4385985136032 0.03041768762966615
6378.0 1.84 455.1959578990936 0.029553356089353222
6424.5 1.81 458.6101715564728 0.032798276842542495
6398.5 1.81 455.09545266628265 0.017296591797441287
6538.5 1.79 458.26702558994293 0.02196742587327698
6523.5 1.76 459.0954523086548 0.021024778075006238
6539.0 1.76 458.16652035713196 0.03777452346573685
6402.0 1.77 452.85281205177307 0.024136983785795877
6500.0 1.37 330.6274166107178 0.10239854517001103
6461.0 1.77 457.6812391281128 0.025440386357732603
6598.5 1.8 459.9238795042038 0.028441963132361827
6561.0 1.78 460.5096663236618 0.021376112720665027
6588.0 1.78 460.8528119325638 0.024465429810986976
6368.0 1.84 456.02438485622406 0.02860998487876122
6420.5 1.81 458.6101715564728 0.033805594850529176
6399.5 1.81 455.92387998104095 0.021676097961758706
6534.0 1.79 456.5096660852432 0.02114073472452307
6567.0 1.37 331.79898953437805 0.10779293650911745
6551.0 1.76 458.16652059555054 0.03357438255904363
6408.0 1.77 452.8528119325638 0.024161729329611834
6505.5 1.77 455.0954524278641 0.027540316781960304
6464.0 1.77 457.6812393665314 0.025874467733036213
6590.5 1.8 457.4385987520218 0.0228765399093929
6570.5 1.75 461.09545266628265 0.022220516390180384
6572.0 1.78 460.85281229019165 0.02280902589075403
6383.5 1.84 457.09545278549194 0.029865210881327937
6613.5 1.38 334.04163014888763 0.11239717945658666
6394.5 1.8 454.26702523231506 0.020387399393817316
6518.5 1.79 459.0954523086548 0.02006177326829481
6468.5 1.81 456.26702535152435 0.026967898018330425
6554.5 1.76 457.9238795042038 0.028719916553059225
6412.5 1.77 454.26702547073364 0.02340781132532842
6492.5 1.79 455.4385986328125 0.01718199424289824
6457.0 1.77 456.5096663236618 0.02654814095452451
6571.0 1.8 459.6812388896942 0.021123205382411508
6667.5 1.36 335.6984843015671 0.11074185049385425
6612.0 1.78 463.6812390089035 0.029842919154860606
6380.5 1.84 457.9238796234131 0.03158967689106139
6556.5 1.78 461.09545254707336 0.013280517300018467
6395.0 1.81 455.6812390089035 0.02136023739249374
6517.0 1.79 457.6812392473221 0.01856186458345357
6486.5 1.81 456.6101713180542 0.02863645556528491
6554.0 1.76 456.5096663236618 0.027219106420785115
6397.5 1.77 453.0954523086548 0.020596389403122587
6495.5 1.79 456.26702558994293 0.02121233608644763
6454.0 1.77 454.50966584682465 0.02643058559264472
6582.5 1.8 461.9238796234131 0.02343710374927989
6521.5 1.76 459.4385987520218 0.01957488115449075
6567.5 1.78 460.26702523231506 0.0205598150049809
6313.5 1.84 460.4091612100601 0.03943094573070381
6531.0 1.78 459.6812387704849 0.013339680705439488
6389.5 1.81 456.7523068189621 0.020914607146453542
6500.5 1.77 456.2670259475708 0.022278845259304358
6475.5 1.81 456.6101714372635 0.031023744572141625
6531.0 1.75 455.1959581375122 0.04014612883887309
6465.0 1.37 329.79898953437805 0.1059744737112163
6499.0 1.77 454.8528119325638 0.025751655039192897
6455.0 1.77 457.3380928039551 0.027458944032379466
6579.0 1.79 459.6812391281128 0.02876059279476452
6526.5 1.76 459.4385986328125 0.01865708103083783
6581.0 1.78 461.6812390089035 0.023358530518316305
6323.5 1.84 458.4091604948044 0.040984788614280294
6541.5 1.76 460.2670258283615 0.01680457772600656
6380.5 1.81 456.7523066997528 0.02082387073299324
6565.5 1.36 334.5269113779068 0.1080286549207231
6482.0 1.81 456.02438497543335 0.031456671821200925
6517.0 1.76 455.6812391281128 0.04136609767261889
6458.0 1.77 453.6812392473221 0.02257958622558377
6502.0 1.77 456.02438485622406 0.025250696084618617
6435.5 1.77 455.9238793849945 0.02756791819803105
6596.5 1.79 461.09545278549194 0.015292399522195882
6536.0 1.76 458.8528118133545 0.018782100047843635
6584.0 1.78 461.6812391281128 0.026589018387898553
6605.5 1.39 334.87005722522736 0.11152968701859925
6528.0 1.76 456.8528119325638 0.016813884246641778
6389.5 1.81 457.58073377609253 0.02064614643196906
6342.5 1.84 456.7523068189621 0.030565930288473618
6457.0 1.81 456.85281205177307 0.03297205893218751
6525.5 1.76 455.4385985136032 0.04332577405134298
6472.5 1.77 453.0954523086548 0.020119366203581894
6491.0 1.79 457.6812388896942 0.024806068477630228
6438.5 1.77 456.7523066997528 0.028232528396924854
6651.0 1.38 336.2842707633972 0.1124365132843293
6550.0 1.76 458.85281205177307 0.022699006064460552
6591.5 1.78 460.26702535152435 0.027781479183019403
6565.0 1.79 457.1959580183029 0.030503330763104835
6542.5 1.78 459.09545266628265 0.016618358263729982
6393.5 1.81 455.92387986183167 0.020500423374352015
6341.5 1.84 455.9238797426224 0.02853864017002145
6461.0 1.81 456.85281217098236 0.03235315911871465
6537.0 1.75 455.1959580183029 0.042109557155840686
6482.5 1.77 455.09545278549194 0.02033187229540153
6495.0 1.79 457.6812390089035 0.02290013409457846
6441.0 1.77 456.16652035713196 0.02673779761121283
6590.0 1.8 462.50966572761536 0.035317913267105226
6539.5 1.76 458.6101711988449 0.019008286771663392
6597.0 1.78 462.50966596603394 0.025367189888818545
6532.5 1.79 458.26702547073364 0.021281409249623583
6522.5 1.76 459.09545266628265 0.021021326564052874
6406.5 1.81 459.237587928772 0.01983829134712858
6258.0 1.87 455.6812390089035 0.04165117119404206
6449.0 1.81 455.1959580183029 0.032783961438444496
6544.0 1.76 456.8528119325638 0.04194173741136064
6471.5 1.77 455.0954521894455 0.018760770125640477
6491.5 1.77 457.43859827518463 0.02537977425225881
6277.0 1.81 451.33809316158295 0.035073413083635756
6604.5 1.78 463.58073377609253 0.033722966300279184
6541.0 1.76 458.8528118133545 0.021778697353413264
6580.0 1.78 460.8528118133545 0.026460045601868362
6570.5 1.79 458.26702535152435 0.03365429147029297
6527.5 1.76 457.4385983943939 0.01729568217652262
6385.5 1.81 457.5807340145111 0.01900319839022563
6327.5 1.84 456.7523068189621 0.03610050696416141
6452.0 1.81 456.02438497543335 0.03407343276109952
6280.0 1.84 452.5096662044525 0.038141547946138436
6493.5 1.77 454.26702535152435 0.019028183831336178
6487.0 1.79 457.6812390089035 0.023501371624230938
6499.0 1.79 454.85281205177307 0.024906777451723674
6589.0 1.8 463.3380928039551 0.03538688549243008
6541.5 1.76 459.43859827518463 0.020197121382853903
6600.5 1.78 460.26702547073364 0.028967794393520815
6538.5 1.79 458.26702535152435 0.020528900604537405
6528.5 1.76 459.09545266628265 0.021152394618152964
6341.0 1.83 451.19595766067505 0.034119500230630796
6259.5 1.87 455.09545254707336 0.04127402561177337
6444.0 1.81 455.1959580183029 0.032146162871510515
6387.0 1.83 454.02438509464264 0.026017845275699242
6464.5 1.77 455.0954520702362 0.019950361465575554
6489.0 1.77 456.85281205177307 0.02563534777000128
6513.5 1.79 454.26702547073364 0.021931856633379185
6597.0 1.8 458.8528118133545 0.03847247835675458
6560.0 1.78 460.5096660852432 0.02184615366410975
6385.0 1.8 453.1959578990936 0.034067497584804464
6561.0 1.79 458.8528118133545 0.031303345689371674
6555.0 1.78 457.6812387704849 0.02108380768517458
6507.0 1.83 459.6812387704849 0.026373742053878258
6297.0 1.83 452.85281205177307 0.04037908544751852
6458.0 1.81 456.8528118133545 0.0305512087914722
6390.5 1.83 455.9238796234131 0.026874211620727385
6492.5 1.77 454.2670257091522 0.0197687380006735
6489.0 1.79 455.68123865127563 0.018603677056822737
6532.5 1.77 455.9238793849945 0.026188411328576352
6609.0 1.76 462.5096662044525 0.03556066108693565
6555.5 1.78 460.26702547073364 0.02279822087966556
6607.0 1.76 460.5096660852432 0.028376699033306054
6575.5 1.79 459.580734372139 0.03596589187887495
6528.5 1.76 457.43859803676605 0.019971137854747547
6480.5 1.83 461.0954523086548 0.02882929206514387
6360.5 1.84 456.4091604948044 0.035676220699707994
6445.0 1.81 455.6812390089035 0.0320156663902861
6376.5 1.84 455.09545254707336 0.029081031223220845
6498.5 1.79 455.9238793849945 0.020369934783664317
6274.5 1.83 452.2670251131058 0.034207986290458826
6488.5 1.77 454.26702558994293 0.02631137208395561
6611.0 1.76 461.6812391281128 0.037226848833073554
6581.0 1.78 458.85281205177307 0.023342489908818174
6612.5 1.76 459.4385983943939 0.025637271844637193
6586.5 1.79 457.92387986183167 0.03857601284469458
6554.5 1.78 460.26702547073364 0.02096776122411293
6484.5 1.83 461.0954521894455 0.02894308899912001
6354.0 1.83 454.16652035713196 0.03331794729531125
6353.0 1.83 453.19595777988434 0.028253807577995824
6382.0 1.84 453.6812391281128 0.02461055217729361
6507.0 1.77 454.5096660852432 0.023015081846496165
6410.5 1.83 454.26702558994293 0.03615107134436035
6503.5 1.77 454.26702547073364 0.026413775256950902
6615.5 1.76 463.09545266628265 0.03411726759018472
6566.5 1.78 458.6101713180542 0.021639971598833505
6604.5 1.78 460.26702558994293 0.022471413966447123
6579.0 1.79 459.3380934000015 0.036507938011334215
6419.0 1.81 455.6812388896942 0.03707893294850702
6476.0 1.83 459.68123865127563 0.026139315576807976
6368.0 1.83 454.16652035713196 0.03112180309778222
6565.0 1.76 458.5096663236618 0.022984795771692
6383.5 1.84 453.9238797426224 0.025914327265931993
6514.0 1.79 455.33809316158295 0.02102068304555082
6399.5 1.83 454.26702558994293 0.03440641961631731
6503.5 1.77 454.26702535152435 0.02618214959177746
6601.5 1.78 461.9238795042038 0.029349414407517316
6396.5 1.81 455.43859827518463 0.027096308709025383
6609.5 1.78 460.26702558994293 0.023469097452792985
6560.0 1.79 460.50966584682465 0.035688224657442605
6506.0 1.79 458.85281217098236 0.019376563671908528
6518.0 1.79 461.33809328079224 0.0465859297739848
6364.0 1.83 454.02438509464264 0.031003632084112345
6556.5 1.76 458.26702523231506 0.018684963140261964
6372.5 1.83 455.09545266628265 0.02640341795814796
6500.5 1.77 453.4385983943939 0.019542337156735326
6405.5 1.84 454.26702535152435 0.0363414606800439
6505.5 1.77 453.0954524278641 0.02593824887282788
6599.5 1.78 462.7523069381714 0.028310748691245245
6620.5 1.78 462.26702547073364 0.01563836206536777
6609.0 1.78 459.6812391281128 0.025890325885199336
6563.0 1.79 459.6812387704849 0.03376883855075019
6514.5 1.79 457.4385986328125 0.015874766535886917
6521.0 1.79 462.16652035713196 0.04603347928804477
6295.0 1.84 454.8528118133545 0.03974745822871302
6553.5 1.76 458.26702535152435 0.01856212830532111
6374.5 1.83 455.09545266628265 0.025010099249144317
6285.0 1.79 452.50966584682465 0.0311384981012726
6402.5 1.84 456.26702535152435 0.035293443436904375
6500.5 1.79 454.26702535152435 0.02490783856802399
6596.5 1.78 462.7523068189621 0.02245665176345199
6613.5 1.78 462.26702558994293 0.012953817483857466
6607.0 1.78 459.6812391281128 0.02516061608653963
6559.5 1.79 457.43859815597534 0.019616212234958904
6512.5 1.79 457.4385988712311 0.016312100231122253
6520.0 1.79 461.3380934000015 0.04653812899401762
6336.5 1.83 453.4385986328125 0.029442809729837992
6556.5 1.76 458.26702535152435 0.01795935714118128
6375.5 1.83 455.09545266628265 0.025422117612024824
6281.5 1.83 450.26702547073364 0.040547211326561576
6400.5 1.84 456.26702523231506 0.03359386381157528
6499.0 1.79 453.6812391281128 0.025444362678299245
6613.5 1.78 463.9238792657852 0.02205613635162304
6612.5 1.78 462.26702558994293 0.012910369227670382
6607.0 1.78 460.5096662044525 0.025382017431875792
6382.0 1.84 455.33809328079224 0.02935516519044372
6511.5 1.79 457.4385987520218 0.016695450056915594
6512.5 1.79 461.09545278549194 0.04425976919754626
6521.5 1.76 457.09545254707336 0.01923222039566108
6549.5 1.76 458.26702535152435 0.01872173335963239
6373.5 1.83 454.26702558994293 0.024341533640860714
6283.0 1.83 450.5096662044525 0.04027137273531527
6399.5 1.84 457.0954523086548 0.034156869011347624
6500.0 1.79 453.6812391281128 0.025567534756997103
6415.5 1.81 454.6101714372635 0.029174609619728214
6612.0 1.8 460.85281205177307 0.01128035912522456
6603.0 1.78 460.5096662044525 0.022870436652914477
6573.5 1.79 458.6101711988449 0.017132148075492556
6517.5 1.79 457.4385986328125 0.021495013270815686
6507.5 1.79 461.09545278549194 0.04253258220049145
6529.0 1.76 457.6812387704849 0.026472978643293964
6530.0 1.76 457.6812387704849 0.0185330674229762
6369.5 1.83 454.26702558994293 0.02740557555788133
6260.0 1.85 449.68123865127563 0.039898525519644
6409.5 1.84 457.0954523086548 0.03208546481753792
6497.5 1.79 454.2670258283615 0.025647843576029856
6644.0 1.78 463.33809316158295 0.024852984140190725
6608.0 1.8 460.85281205177307 0.010710715734027374
6595.5 1.78 459.9238797426224 0.023483405967713106
6572.5 1.79 458.6101711988449 0.01740210376520556
6511.5 1.79 456.61017167568207 0.020948850562489265
6499.0 1.79 461.33809316158295 0.036771941213736024
6515.5 1.76 459.0954524278641 0.025652743419472532
6521.0 1.76 456.5096660852432 0.019137792095792357
6367.5 1.83 454.26702547073364 0.02633365232823629
6253.0 1.85 450.02438497543335 0.03892526881500389
6402.5 1.84 457.0954524278641 0.03068823086999862
3199.0 1.03 280.42640590667725 0.3623477929382535
6625.0 1.8 461.33809316158295 0.024682889434029926
6595.0 1.78 461.6812390089035 0.013530750317182181
6611.0 1.78 460.5096663236618 0.025938273123314502
6555.5 1.79 458.6101713180542 0.019377262410080483
6500.5 1.79 457.4385987520218 0.019571616011470953
6541.0 1.79 458.85281205177307 0.04717862570775191
6503.5 1.76 457.0954524278641 0.019417716852957435
6517.5 1.76 456.6101714372635 0.014252415262490456
3237.0 1.03 281.25483310222626 0.34166862945695503
6243.0 1.84 448.85281205177307 0.0354311639566376
6398.0 1.83 454.8528119325638 0.03481302292501137
6331.5 1.83 451.4385988712311 0.030844392615281466
6631.0 1.78 461.33809316158295 0.027585613081768028
6614.0 1.78 462.50966584682465 0.012462277238425266
6625.0 1.78 459.68123948574066 0.02238469445142314
6557.5 1.79 458.6101711988449 0.019294540116433508
6508.5 1.79 457.4385988712311 0.02027878975697071
3267.5 1.01 283.8406196832657 0.335796877299893
6502.5 1.76 457.0954524278641 0.01954521057614668
6533.5 1.76 458.26702558994293 0.01765862665028321
6535.5 1.79 459.4385986328125 0.036393927816731064
6198.5 1.84 449.0954523086548 0.04361168424517699
6378.0 1.83 454.85281205177307 0.03866244030147832
6358.5 1.84 453.09545278549194 0.030689604574441493
6651.0 1.78 462.16652035713196 0.02524950392789379
6613.0 1.8 460.8528118133545 0.011568022444118168
3273.0 1.03 284.0832598209381 0.31250238415999565
6573.5 1.79 458.6101713180542 0.016946474389091942
6522.5 1.79 457.4385987520218 0.019611472175808626
6503.0 1.76 458.5096660852432 0.01813711780775368
6529.0 1.76 457.6812387704849 0.026762390581115642
6529.0 1.76 457.6812388896942 0.019524431758308668
6503.0 1.79 458.02438497543335 0.028411309720734097
6246.5 1.84 448.6101714372635 0.03509716380630038
6415.5 1.84 456.26702558994293 0.032518397336363296
6319.5 1.83 452.2670257091522 0.029530685007851103
6625.5 1.78 462.7523070573807 0.028350345308538714
6617.0 1.8 460.0243846178055 0.012142790618528805
6507.5 1.83 457.4385983943939 0.023881941375743287
6562.5 1.79 459.43859827518463 0.01808033423542567
6522.5 1.79 457.4385987520218 0.019831092411800262
6503.0 1.76 458.5096663236618 0.016119893731500242
6513.5 1.76 457.9238795042038 0.019405162854162314
6530.0 1.76 457.6812388896942 0.018833953424993242
6514.0 1.79 458.02438497543335 0.03533075758226648
6239.5 1.84 448.6101715564728 0.03426624308972028
3222.0 1.06 282.42640602588654 0.3689758367172837
6321.5 1.83 452.2670258283615 0.030441084176171015
6642.5 1.78 462.7523068189621 0.02375365113559353
6614.0 1.8 460.02438497543335 0.012021453221233335
6510.5 1.83 458.26702547073364 0.02353364202384038
6567.5 1.79 458.6101713180542 0.017639643794952958
6528.5 1.76 459.09545290470123 0.01905207044406906
6502.5 1.76 457.9238797426224 0.013833620686806164
6509.0 1.76 459.33809304237366 0.020628601889342138
3274.0 1.04 284.0832600593567 0.3579539448541342
6506.0 1.79 458.85281205177307 0.035119594919006986
6245.0 1.85 448.8528116941452 0.036061182351781164
6489.5 1.79 454.26702535152435 0.019317010606190912
6322.5 1.83 452.2670257091522 0.031948828834606126
6655.0 1.78 463.33809328079224 0.024877255425087667
6612.0 1.8 460.85281205177307 0.011482678481752549
6504.5 1.83 458.26702558994293 0.024508917565208642
3293.5 1.04 285.49747383594513 0.3479995096376899
6578.5 1.79 458.6101711988449 0.01698787536775424
6503.0 1.76 458.5096662044525 0.016927369252594856
6533.5 1.76 457.9238793849945 0.03009904505912113
6470.5 1.79 456.2670249938965 0.016481560200155898
6509.0 1.79 458.02438497543335 0.0350842586989023
6261.0 1.85 449.68123865127563 0.039937795239934536
6485.5 1.79 454.26702535152435 0.01936670747995008
6318.5 1.83 451.09545266628265 0.03143674991014023
6657.5 1.78 462.7523068189621 0.02458861579993905
3306.0 1.04 287.7401143312454 0.3385095611987658
6501.5 1.83 458.26702547073364 0.022017852483586918
6577.5 1.79 458.6101711988449 0.016899762647808993
6590.0 1.8 463.3380934000015 0.025044470736029806
6506.5 1.76 457.9238797426224 0.0189605407669282
6531.5 1.76 457.0954521894455 0.028745687629502026
6472.5 1.79 456.2670251131058 0.017491885873110208
6508.0 1.79 458.02438497543335 0.035354083330516546
6259.0 1.85 450.8528118133545 0.039878075991227176
6483.5 1.79 454.26702535152435 0.020359019965252873
6317.5 1.81 451.4385987520218 0.029573480909557356
6650.5 1.78 462.7523065805435 0.023353353975331913
6391.0 1.84 455.1959580183029 0.029587015170686567
6493.5 1.83 458.26702547073364 0.021257818040445468
6572.5 1.79 458.6101711988449 0.017360991409713655
6577.5 1.8 461.92387998104095 0.022098775530614546
6500.0 1.76 458.5096663236618 0.016150940322898877
6526.0 1.76 457.6812387704849 0.027261553824626444
6466.5 1.79 457.0954520702362 0.016813859646946618
6505.0 1.79 458.02438497543335 0.032588751387856475
3329.0 1.04 283.74011409282684 0.38118931889527813
6476.5 1.79 454.26702535152435 0.02122418599165641
6313.0 1.83 450.85281229019165 0.03049529633449629
6650.0 1.78 462.16652047634125 0.024766964981669505
6390.0 1.84 455.1959581375122 0.02984458234917161
6490.0 1.83 458.02438485622406 0.020694940619787
6570.5 1.79 458.6101710796356 0.017511172221437776
6578.0 1.8 461.6812392473221 0.022241486355039967
6496.5 1.76 457.9238797426224 0.016032399595187142
3371.5 1.07 287.1543279886246 0.37813401693983223
6468.5 1.79 456.2670249938965 0.016967671868202968
6505.0 1.79 459.6812391281128 0.03518352062983324
6467.5 1.77 453.9238796234131 0.02341843185675307
6478.5 1.79 454.26702547073364 0.019843111693790688
6311.0 1.81 449.1959581375122 0.02807668697961744
6640.0 1.78 462.16652047634125 0.026197864037277925
6390.0 1.84 455.1959580183029 0.029644407152964486
6485.0 1.83 458.02438485622406 0.01839209046160342
3397.5 1.07 289.982754945755 0.3813169486107913
6573.0 1.8 462.5096664428711 0.022813571546366727
6501.5 1.76 457.9238797426224 0.018191278566518955
6525.0 1.79 456.85281205177307 0.017262072155482814
6467.5 1.79 456.2670249938965 0.01731705244628544
6502.0 1.79 459.6812391281128 0.03267483662033453
6461.5 1.77 453.9238797426224 0.023918061091647704
6476.5 1.79 454.26702535152435 0.02091463596310716
6315.0 1.83 450.02438521385193 0.030032994910920128
