9529.5 2.13 561.8893901109695 0.29401562093153466
9422.0 2.2 560.8183220624924 0.31521010331449734
9396.5 2.15 559.4041084051132 0.30218169691609625
9454.5 2.16 558.2325354814529 0.2980022693146041
9451.5 2.17 560.7178167104721 0.3084060451594713
9408.0 2.17 555.6467496156693 0.30310481482841833
9402.0 2.17 557.1614679098129 0.3081018542891759
9292.0 2.19 557.6467492580414 0.31494734619766407
9283.0 2.17 559.3036036491394 0.3128596713652312
9350.5 2.14 555.8893897533417 0.30946745891580907
9214.5 2.2 555.0609624385834 0.31657413160181413
9103.0 2.23 549.9898952245712 0.3283206660261594
9532.5 2.13 562.7178171873093 0.29489346596258637
9426.0 2.2 560.8183221817017 0.31501887533462203
9398.5 2.15 559.4041084051132 0.3018022471436855
9453.0 2.16 558.8183221817017 0.2978116800265248
9455.5 2.17 560.7178167104721 0.3088864850775703
9411.0 2.17 555.64674949646 0.30272354299706417
9405.0 2.17 557.1614679098129 0.3079927390966189
9292.0 2.19 557.6467492580414 0.31494734619766407
9283.0 2.17 559.3036036491394 0.3128596713652312
9351.5 2.14 555.8893897533417 0.309535045606842
9211.0 2.2 553.6467490196228 0.31641384873846956
9101.0 2.23 549.9898952245712 0.3284317708890351
9521.5 2.13 561.8893901109695 0.29493086388737827
9420.0 2.2 560.8183220624924 0.31545632152834907
9398.5 2.15 559.4041084051132 0.3016362720338232
9433.0 2.19 557.9898949861526 0.29732327691819366
9445.5 2.2 559.8893896341324 0.30961136296323416
9411.0 2.17 555.64674949646 0.30251726077742336
9393.0 2.17 557.9898947477341 0.30770177950915395
9289.5 2.19 557.0609627962112 0.3148600308753695
9286.0 2.17 559.3036036491394 0.3124766071444424
9342.5 2.14 555.889389872551 0.31036130533352285
9204.0 2.19 551.9898948669434 0.31531127785619195
9103.0 2.23 549.9898952245712 0.3273277973772595
9512.5 2.15 560.2325359582901 0.29601894976033105
9402.5 2.2 563.0609624385834 0.31524947456325403
9400.5 2.15 559.0609631538391 0.30231745073829397
9435.5 2.17 558.2325359582901 0.3006661093017173
9435.5 2.16 561.8893895149231 0.30816753616162296
9425.5 2.15 558.374670624733 0.3008644919536911
9382.5 2.17 556.5756818056107 0.3090637012919294
9248.0 2.22 556.475176692009 0.3155131406150298
9278.0 2.16 554.4751771688461 0.3109546957743838
9311.5 2.15 556.2325358390808 0.3096918912153102
9162.5 2.19 552.2325357198715 0.314416268659715
9102.0 2.22 548.8183224201202 0.32545429687490085
9423.0 2.1 555.1614677906036 0.2887925126469884
9404.5 2.16 559.7472543716431 0.3123890715475073
9447.5 2.16 559.0609625577927 0.3021096853025592
9339.0 2.09 553.1614677906036 0.2887913558661184
9436.5 2.19 559.4041088819504 0.30771009928102205
9454.5 2.17 556.5756812095642 0.30307675533317513
9286.5 2.09 552.5756815671921 0.2991961772197948
9273.5 2.2 555.0609625577927 0.31704503680005086
9326.5 2.17 558.7178169488907 0.3122563801358896
9226.5 2.1 548.9188274145126 0.3038491566192961
9187.0 2.19 553.6467492580414 0.3143086906760866
9132.0 2.22 549.9898948669434 0.32783995935288607
9526.0 2.13 562.4751765727997 0.2954299887108707
9412.0 2.2 559.1614679098129 0.31456253751046825
9415.0 2.15 557.6467486619949 0.30226996047543103
9452.0 2.16 558.8183225393295 0.29742573760682095
9432.5 2.19 560.2325358390808 0.3093440224636567
9417.0 2.19 557.6467496156693 0.30323332456669283
9391.0 2.16 557.1614680290222 0.3074430709673012
9253.5 2.17 555.0609625577927 0.3170164370367667
9282.0 2.17 557.3036034107208 0.3111891569855015
9324.5 2.12 556.2325351238251 0.31038031256787835
9167.5 2.19 552.2325359582901 0.31574030455132307
9094.0 2.22 548.8183224201202 0.32675215967243826
9517.5 2.16 563.0609630346298 0.2956296738452584
9407.0 2.16 563.3036029338837 0.31477769139396544
9400.5 2.15 557.4041082859039 0.3015813812126529
9450.0 2.17 557.9898947477341 0.301231437580242
9442.5 2.16 562.7178173065186 0.30679616055400705
9408.5 2.15 557.8893899917603 0.29864942735062244
9387.5 2.16 553.7472542524338 0.30854819344867357
9261.0 2.2 556.8183224201202 0.3151513439053448
9270.0 2.17 557.3036032915115 0.31163113453741265
9334.0 2.16 557.3036031723022 0.31166029300641307
9162.5 2.19 553.4041085243225 0.3151040173239678
9081.5 2.22 548.5756814479828 0.32629309118641675
9538.5 2.16 563.0609629154205 0.29908338343155727
9435.5 2.17 559.0609631538391 0.3164779546734551
9426.5 2.15 556.2325358390808 0.3007173746226774
9457.0 2.19 558.818322300911 0.30417536924504956
9465.5 2.2 559.060962677002 0.3079083806653201
9436.0 2.15 556.4751763343811 0.30080606125741743
9410.5 2.19 557.0609622001648 0.3137682987794382
9280.5 2.2 554.2325358390808 0.31528512635258527
9278.0 2.2 554.8183218240738 0.3130549435228003
9337.0 2.17 557.6467493772507 0.3149526137479327
9178.0 2.19 551.64674949646 0.3188367549101469
9096.0 2.22 547.9898952245712 0.32624761101455413
9526.0 2.16 562.4751764535904 0.2979539785785735
9426.0 2.17 562.4751759767532 0.31574879650610027
9410.5 2.15 558.2325358390808 0.29823793312288877
9447.0 2.17 557.9898951053619 0.30264157479347975
9449.5 2.16 561.0609629154205 0.3061528023422504
9408.5 2.15 556.7178168296814 0.2979244973685543
9402.5 2.14 557.0609625577927 0.31019243564137955
9274.5 2.2 556.2325354814529 0.31613111616083306
9260.0 2.16 554.8183215856552 0.3089449949405032
9315.0 2.16 557.64674949646 0.3128680312636333
9159.0 2.22 552.8183225393295 0.3187924255637775
9088.0 2.22 547.9898947477341 0.3233990453284014
9478.5 2.16 563.0609631538391 0.2977546900703771
9415.0 2.2 558.818322300911 0.31403819880408157
9426.0 2.16 561.6467491388321 0.30413839680067195
9407.5 2.16 558.7178168296814 0.29881217283375505
9434.5 2.19 559.0609625577927 0.3085067823482563
9429.0 2.17 555.6467493772507 0.30290689516598224
9348.5 2.16 556.5756816864014 0.3071579651191817
9260.0 2.22 558.4751762151718 0.3193070508585112
9307.0 2.17 561.3036035299301 0.3127346150735561
9283.5 2.16 555.0609629154205 0.31042567927434694
9183.0 2.19 554.8183220624924 0.3162921222275781
9111.0 2.23 551.1614685058594 0.3274147000251404
9472.5 2.16 560.2325357198715 0.29699720106951283
9404.5 2.19 560.0904002189636 0.3127539635033299
9423.0 2.15 559.6467490196228 0.30239894041018445
9397.0 2.15 557.1614682674408 0.2978408869114234
9434.5 2.19 560.2325358390808 0.30868953460086107
9437.0 2.19 556.4751762151718 0.303002760927648
9333.0 2.16 557.1614680290222 0.30730336748825954
9278.0 2.17 555.6467491388321 0.3157890735590852
9315.0 2.17 560.1320306062698 0.31313073635290256
9292.5 2.14 555.8893901109695 0.3128005541787495
9191.0 2.19 552.8183219432831 0.3153190708920096
9119.0 2.23 549.9898952245712 0.3275572133153141
9496.5 2.16 563.0609625577927 0.2978644221133381
9429.5 2.17 561.8893899917603 0.31315210030007584
9419.0 2.12 559.6467492580414 0.30134343033381855
9410.5 2.19 557.8893897533417 0.3018098276352686
9454.5 2.17 561.5462443828583 0.3065626837457157
9434.5 2.15 557.5462439060211 0.298446361544154
9358.5 2.17 556.5756815671921 0.30988399734647615
9271.5 2.2 555.0609630346298 0.31378853578481847
9288.0 2.16 556.4751764535904 0.3113841972548105
9304.5 2.16 557.8893902301788 0.31117397431819777
9196.0 2.19 552.8183221817017 0.31649784264535674
9108.0 2.22 549.1614677906036 0.3261630175314058
9499.5 2.15 560.2325357198715 0.2969028827468486
9430.5 2.17 564.7178168296814 0.31460234987289015
9416.0 2.15 559.6467491388321 0.2997601194158068
9409.5 2.17 559.4041090011597 0.3013919704338516
9465.5 2.17 561.8893897533417 0.3064287474245124
9420.5 2.15 556.2325353622437 0.29786858231885105
9364.5 2.17 559.4041087627411 0.31161584328952907
9282.0 2.22 555.303603887558 0.3135534587013374
9271.5 2.16 554.2325357198715 0.31045639302423395
9302.5 2.16 556.7178169488907 0.31256052875189533
9188.0 2.2 555.3036035299301 0.317372694988332
9099.0 2.19 550.8183224201202 0.3252746255279805
9505.0 2.14 560.8183221817017 0.29541986413487875
9411.0 2.19 561.1614681482315 0.3135793745553968
9421.0 2.16 560.4751763343811 0.3027481255278158
9410.0 2.12 555.9898947477341 0.2956518482563078
9422.5 2.19 559.0609630346298 0.3071134802219037
9428.0 2.17 556.8183219432831 0.30332609464446697
9344.5 2.15 555.4041088819504 0.3058544919869862
9245.0 2.2 555.64674949646 0.3168787805147106
9304.0 2.16 556.1320307254791 0.31147889220075375
9288.5 2.15 553.4041086435318 0.30950155749131164
9170.0 2.19 555.6467492580414 0.3140956497320573
9112.5 2.23 551.4041087627411 0.3291169234557073
9515.5 2.16 561.0609630346298 0.29651432625934515
9417.0 2.2 561.6467492580414 0.31535995764808994
9418.0 2.15 558.8183215856552 0.3017728046256613
9425.0 2.16 558.8183221817017 0.29801375036817296
9440.0 2.2 560.4751763343811 0.30920655631519456
9436.0 2.15 556.4751764535904 0.3005326959049173
9369.0 2.17 556.8183219432831 0.3080518281387124
9268.0 2.17 555.6467492580414 0.31422264713605447
9298.5 2.16 557.0609630346298 0.31098501262996475
9310.0 2.14 556.4751763343811 0.3125409343008678
9194.0 2.19 551.9898947477341 0.31456680901984035
9133.5 2.23 551.4041087627411 0.32850612028142234
9544.0 2.16 564.4751763343811 0.29587783451582944
9427.5 2.17 562.2325356006622 0.3148606807936413
9392.5 2.15 558.5756815671921 0.30178646754198735
9476.0 2.19 557.6467491388321 0.3002035300430884
9453.0 2.16 560.4751764535904 0.3065275910366704
9401.0 2.15 556.1320303678513 0.29844606262837786
9405.5 2.17 555.7472542524338 0.30829360176082476
9270.5 2.2 553.4041085243225 0.3150489566036521
9269.5 2.16 556.7178171873093 0.31170485116796404
9357.5 2.14 556.2325360774994 0.31099174472943586
9173.0 2.19 553.9898952245712 0.3159848558315853
9076.0 2.22 549.1614679098129 0.3256347596868666
9539.0 2.16 561.6467492580414 0.2967453156387663
9430.0 2.17 563.3036031723022 0.3146945833532047
9398.0 2.15 559.6467493772507 0.2995849331526369
9457.0 2.19 558.8183219432831 0.3030283525580727
9448.5 2.16 559.4041088819504 0.30612068038667534
9398.0 2.15 558.1320304870605 0.29840123659808093
9414.0 2.15 557.6467487812042 0.3089464030378701
9265.0 2.2 554.8183224201202 0.3142993492195829
9256.0 2.16 555.303603053093 0.3109027446240824
9335.5 2.16 556.2325359582901 0.3124388713767315
9163.5 2.19 554.2325359582901 0.3174067273171729
9073.0 2.22 547.9898951053619 0.3258103675033107
9527.0 2.16 565.6467493772507 0.29693573754035224
9428.0 2.17 559.6467489004135 0.3145539084939223
9394.0 2.15 559.6467487812042 0.2994935551751107
9449.0 2.19 558.475175857544 0.3035538171514903
9454.5 2.2 561.0609629154205 0.3077373116711343
9407.0 2.15 554.4751764535904 0.2964936174322739
9396.0 2.15 560.475176692009 0.3111815654077327
9253.5 2.22 555.0609625577927 0.31637040249025633
9262.5 2.16 552.5756813287735 0.3063805948794564
9315.0 2.16 554.818322300911 0.3122079217462465
9196.5 2.2 557.5462439060211 0.31763082067094367
9104.5 2.22 549.7472544908524 0.32154801638569225
9515.0 2.16 562.4751762151718 0.2979372216766998
9403.0 2.19 558.3330407142639 0.3138649786747022
9348.5 2.1 554.9188276529312 0.2875479718308406
9441.5 2.16 559.4041084051132 0.3008339184409615
9442.0 2.2 558.818322300911 0.3088559084525417
9379.0 2.14 550.3330409526825 0.2926993066524108
9389.5 2.17 556.2325359582901 0.3103026543906622
9264.0 2.22 554.4751759767532 0.31933506475005013
9270.5 2.16 553.4041086435318 0.30679396888645855
9320.5 2.16 556.2325354814529 0.31281342674390555
9201.5 2.19 553.8893896341324 0.31648120340458225
9108.5 2.22 546.2325358390808 0.3220895926857636
9505.5 2.14 560.2325353622437 0.29464734094354866
9412.5 2.16 560.5756816864014 0.31132625662242064
9428.5 2.16 559.8893896341324 0.3038969437750925
9423.0 2.12 557.1614677906036 0.29641229849630074
9438.0 2.19 558.818322300911 0.30806868617596417
9436.0 2.17 555.9898947477341 0.30242681607113886
9354.5 2.15 556.5756815671921 0.30518567957665604
9244.5 2.2 555.0609627962112 0.3167428972441054
9307.5 2.17 557.5462439060211 0.31217484134935325
9298.0 2.14 553.1614677906036 0.3096314077836206
9175.5 2.19 554.2325357198715 0.31403393424053105
9110.5 2.22 550.2325358390808 0.32797135154992524
9498.0 2.15 561.6467491388321 0.29514618824457056
9421.5 2.19 559.7472546100616 0.3128947590172419
9424.5 2.16 560.7178167104721 0.30349918053818126
9409.5 2.15 558.2325351238251 0.29748208594873077
9446.0 2.19 559.3036034107208 0.30776674214656297
9443.0 2.17 555.9898948669434 0.3030937289447252
9347.5 2.17 557.0609630346298 0.30752512397890625
9283.5 2.17 557.0609630346298 0.31402195861293747
9311.5 2.17 557.5462441444397 0.3122643316291343
9282.0 2.15 554.8183224201202 0.3102837506383578
9202.0 2.19 553.6467493772507 0.3143433562859533
9120.0 2.22 550.8183220624924 0.32797161627038074
9499.0 2.16 561.6467493772507 0.2964432366540871
9416.5 2.2 559.4041085243225 0.3152064800194838
9418.0 2.16 559.6467490196228 0.3023112961956544
9430.5 2.19 557.4041084051132 0.29926158279257714
9434.0 2.19 559.6467489004135 0.30799847347697357
9423.0 2.17 555.6467487812042 0.3016402046640495
9362.0 2.17 556.8183224201202 0.3086293412364468
9270.0 2.17 557.6467497348785 0.3134309730101758
9296.5 2.16 557.889389872551 0.311380130765631
9295.0 2.16 553.6467492580414 0.31291987655880893
9187.0 2.19 553.6467490196228 0.31493411932717336
9107.0 2.22 549.9898948669434 0.3272516873496916
9514.0 2.16 562.8183225393295 0.2952667366002321
9428.0 2.17 564.1320298910141 0.3136020422597726
9407.0 2.15 557.9898952245712 0.3001355986779419
9433.5 2.17 558.5756814479828 0.30156116320413623
9463.5 2.16 560.7178168296814 0.3061587391031166
9413.5 2.15 557.5462440252304 0.29808047672731547
9378.0 2.16 554.8183220624924 0.3092640138311532
9279.0 2.2 556.818322300911 0.3137671182878339
9268.5 2.17 557.0609623193741 0.31022284704024117
9305.5 2.16 557.5462439060211 0.3121230706174788
9194.0 2.19 553.9898952245712 0.3150993551901521
9095.5 2.22 549.7472547292709 0.32657592708361916
9525.0 2.16 563.3036029338837 0.2966214701657751
9436.0 2.16 558.818322300911 0.31290097912802417
9412.5 2.14 557.8893897533417 0.2986487119413052
9442.5 2.19 559.0609629154205 0.30363827071938815
9481.5 2.19 559.060962677002 0.3059146518558215
9418.0 2.15 557.3036034107208 0.2981038177610114
9392.0 2.15 559.6467492580414 0.3112849009692208
9296.0 2.22 555.6467492580414 0.3141698412631464
9257.5 2.19 553.4041090011597 0.30966502369018273
9317.0 2.16 555.6467490196228 0.3120803665645133
9212.5 2.17 558.3746712207794 0.315803975561301
9103.0 2.19 550.818322300911 0.32255057085710215
9530.5 2.16 563.060962677002 0.29725635876043277
9439.5 2.16 561.8893897533417 0.31330400048144436
9374.5 2.14 557.0609627962112 0.2986184240252105
9458.0 2.16 561.6467493772507 0.3015059811293672
9458.5 2.19 558.2325357198715 0.30635189282481007
9397.0 2.17 553.6467492580414 0.2970844422676184
9393.0 2.17 556.818322300911 0.30987126522631897
9284.5 2.2 555.4041086435318 0.3165794025439558
9238.0 2.16 553.6467493772507 0.3070073424669776
9316.0 2.16 553.9898951053619 0.31437891993437383
9211.0 2.2 554.4751768112183 0.3156451696917842
9101.0 2.19 551.6467492580414 0.32185992313587336
