9529.5 2.13 561.8893901109695 0.29401562093153466
9422.0 2.2 560.8183220624924 0.31521010331449734
9396.5 2.15 559.4041084051132 0.30218169691609625
9454.5 2.16 558.2325354814529 0.2980022693146041
9451.5 2.17 560.7178167104721 0.3084060451594713
9408.0 2.17 555.6467496156693 0.30310481482841833
9402.0 2.17 557.1614679098129 0.3081018542891759
9292.0 2.19 557.6467492580414 0.31494734619766407
9283.0 2.17 559.3036036491394 0.3128596713652312
9350.5 2.14 555.8893897533417 0.30946745891580907
9214.5 2.2 555.0609624385834 0.31657413160181413
9103.0 2.23 549.9898952245712 0.3283206660261594
9532.5 2.13 562.7178171873093 0.29489346596258637
9426.0 2.2 560.8183221817017 0.31501887533462203
9398.5 2.15 559.4041084051132 0.3018022471436855
9453.0 2.16 558.8183221817017 0.2978116800265248
9455.5 2.17 560.7178167104721 0.3088864850775703
9411.0 2.17 555.64674949646 0.30272354299706417
9405.0 2.17 557.1614679098129 0.3079927390966189
9292.0 2.19 557.6467492580414 0.31494734619766407
9283.0 2.17 559.3036036491394 0.3128596713652312
9351.5 2.14 555.8893897533417 0.309535045606842
9211.0 2.2 553.6467490196228 0.31641384873846956
9101.0 2.23 549.9898952245712 0.3284317708890351
9521.5 2.13 561.8893901109695 0.29493086388737827
9420.0 2.2 560.8183220624924 0.31545632152834907
9398.5 2.15 559.4041084051132 0.3016362720338232
9433.0 2.19 557.9898949861526 0.29732327691819366
9445.5 2.2 559.8893896341324 0.30961136296323416
9411.0 2.17 555.64674949646 0.30251726077742336
9393.0 2.17 557.9898947477341 0.30770177950915395
9289.5 2.19 557.0609627962112 0.3148600308753695
9286.0 2.17 559.3036036491394 0.3124766071444424
9342.5 2.14 555.889389872551 0.31036130533352285
9204.0 2.19 551.9898948669434 0.31531127785619195
9103.0 2.23 549.9898952245712 0.3273277973772595
9512.5 2.15 560.2325359582901 0.29601894976033105
9402.5 2.2 563.0609624385834 0.31524947456325403
9400.5 2.15 559.0609631538391 0.30231745073829397
9435.5 2.17 558.2325359582901 0.3006661093017173
9435.5 2.16 561.8893895149231 0.30816753616162296
9425.5 2.15 558.374670624733 0.3008644919536911
9382.5 2.17 556.5756818056107 0.3090637012919294
9248.0 2.22 556.475176692009 0.3155131406150298
9278.0 2.16 554.4751771688461 0.3109546957743838
9311.5 2.15 556.2325358390808 0.3096918912153102
9162.5 2.19 552.2325357198715 0.314416268659715
9102.0 2.22 548.8183224201202 0.32545429687490085
9423.0 2.1 555.1614677906036 0.2887925126469884
9404.5 2.16 559.7472543716431 0.3123890715475073
9447.5 2.16 559.0609625577927 0.3021096853025592
9339.0 2.09 553.1614677906036 0.2887913558661184
9436.5 2.19 559.4041088819504 0.30771009928102205
9454.5 2.17 556.5756812095642 0.30307675533317513
9286.5 2.09 552.5756815671921 0.2991961772197948
9273.5 2.2 555.0609625577927 0.31704503680005086
9326.5 2.17 558.7178169488907 0.3122563801358896
9226.5 2.1 548.9188274145126 0.3038491566192961
9187.0 2.19 553.6467492580414 0.3143086906760866
9132.0 2.22 549.9898948669434 0.32783995935288607
9526.0 2.13 562.4751765727997 0.2954299887108707
9412.0 2.2 559.1614679098129 0.31456253751046825
9415.0 2.15 557.6467486619949 0.30226996047543103
9452.0 2.16 558.8183225393295 0.29742573760682095
9432.5 2.19 560.2325358390808 0.3093440224636567
9417.0 2.19 557.6467496156693 0.30323332456669283
9391.0 2.16 557.1614680290222 0.3074430709673012
9253.5 2.17 555.0609625577927 0.3170164370367667
9282.0 2.17 557.3036034107208 0.3111891569855015
9324.5 2.12 556.2325351238251 0.31038031256787835
9167.5 2.19 552.2325359582901 0.31574030455132307
9094.0 2.22 548.8183224201202 0.32675215967243826
9517.5 2.16 563.0609630346298 0.2956296738452584
9407.0 2.16 563.3036029338837 0.31477769139396544
9400.5 2.15 557.4041082859039 0.3015813812126529
9450.0 2.17 557.9898947477341 0.301231437580242
9442.5 2.16 562.7178173065186 0.30679616055400705
9408.5 2.15 557.8893899917603 0.29864942735062244
9387.5 2.16 553.7472542524338 0.30854819344867357
9261.0 2.2 556.8183224201202 0.3151513439053448
9270.0 2.17 557.3036032915115 0.31163113453741265
9334.0 2.16 557.3036031723022 0.31166029300641307
9162.5 2.19 553.4041085243225 0.3151040173239678
9081.5 2.22 548.5756814479828 0.32629309118641675
9538.5 2.16 563.0609629154205 0.29908338343155727
9435.5 2.17 559.0609631538391 0.3164779546734551
9426.5 2.15 556.2325358390808 0.3007173746226774
9457.0 2.19 558.818322300911 0.30417536924504956
9465.5 2.2 559.060962677002 0.3079083806653201
9436.0 2.15 556.4751763343811 0.30080606125741743
9410.5 2.19 557.0609622001648 0.3137682987794382
9280.5 2.2 554.2325358390808 0.31528512635258527
9278.0 2.2 554.8183218240738 0.3130549435228003
9337.0 2.17 557.6467493772507 0.3149526137479327
9178.0 2.19 551.64674949646 0.3188367549101469
9096.0 2.22 547.9898952245712 0.32624761101455413
9526.0 2.16 562.4751764535904 0.2979539785785735
9426.0 2.17 562.4751759767532 0.31574879650610027
9410.5 2.15 558.2325358390808 0.29823793312288877
9447.0 2.17 557.9898951053619 0.30264157479347975
9449.5 2.16 561.0609629154205 0.3061528023422504
9408.5 2.15 556.7178168296814 0.2979244973685543
9402.5 2.14 557.0609625577927 0.31019243564137955
9274.5 2.2 556.2325354814529 0.31613111616083306
9260.0 2.16 554.8183215856552 0.3089449949405032
9315.0 2.16 557.64674949646 0.3128680312636333
9159.0 2.22 552.8183225393295 0.3187924255637775
9088.0 2.22 547.9898947477341 0.3233990453284014
9478.5 2.16 563.0609631538391 0.2977546900703771
9415.0 2.2 558.818322300911 0.31403819880408157
9426.0 2.16 561.6467491388321 0.30413839680067195
9407.5 2.16 558.7178168296814 0.29881217283375505
9434.5 2.19 559.0609625577927 0.3085067823482563
9429.0 2.17 555.6467493772507 0.30290689516598224
9348.5 2.16 556.5756816864014 0.3071579651191817
9260.0 2.22 558.4751762151718 0.3193070508585112
9307.0 2.17 561.3036035299301 0.3127346150735561
9283.5 2.16 555.0609629154205 0.31042567927434694
9183.0 2.19 554.8183220624924 0.3162921222275781
9111.0 2.23 551.1614685058594 0.3274147000251404
9472.5 2.16 560.2325357198715 0.29699720106951283
9404.5 2.19 560.0904002189636 0.3127539635033299
9423.0 2.15 559.6467490196228 0.30239894041018445
9397.0 2.15 557.1614682674408 0.2978408869114234
9434.5 2.19 560.2325358390808 0.30868953460086107
9437.0 2.19 556.4751762151718 0.303002760927648
9333.0 2.16 557.1614680290222 0.30730336748825954
9278.0 2.17 555.6467491388321 0.3157890735590852
9315.0 2.17 560.1320306062698 0.31313073635290256
9292.5 2.14 555.8893901109695 0.3128005541787495
9191.0 2.19 552.8183219432831 0.3153190708920096
9119.0 2.23 549.9898952245712 0.3275572133153141
9496.5 2.16 563.0609625577927 0.2978644221133381
9429.5 2.17 561.8893899917603 0.31315210030007584
9419.0 2.12 559.6467492580414 0.30134343033381855
9410.5 2.19 557.8893897533417 0.3018098276352686
9454.5 2.17 561.5462443828583 0.3065626837457157
9434.5 2.15 557.5462439060211 0.298446361544154
9358.5 2.17 556.5756815671921 0.30988399734647615
9271.5 2.2 555.0609630346298 0.31378853578481847
9288.0 2.16 556.4751764535904 0.3113841972548105
9304.5 2.16 557.8893902301788 0.31117397431819777
9196.0 2.19 552.8183221817017 0.31649784264535674
9108.0 2.22 549.1614677906036 0.3261630175314058
9499.5 2.15 560.2325357198715 0.2969028827468486
9430.5 2.17 564.7178168296814 0.31460234987289015
9416.0 2.15 559.6467491388321 0.2997601194158068
9409.5 2.17 559.4041090011597 0.3013919704338516
9465.5 2.17 561.8893897533417 0.3064287474245124
9420.5 2.15 556.2325353622437 0.29786858231885105
9364.5 2.17 559.4041087627411 0.31161584328952907
9282.0 2.22 555.303603887558 0.3135534587013374
9271.5 2.16 554.2325357198715 0.31045639302423395
9302.5 2.16 556.7178169488907 0.31256052875189533
9188.0 2.2 555.3036035299301 0.317372694988332
9099.0 2.19 550.8183224201202 0.3252746255279805
9505.0 2.14 560.8183221817017 0.29541986413487875
9411.0 2.19 561.1614681482315 0.3135793745553968
9421.0 2.16 560.4751763343811 0.3027481255278158
9410.0 2.12 555.9898947477341 0.2956518482563078
9422.5 2.19 559.0609630346298 0.3071134802219037
9428.0 2.17 556.8183219432831 0.30332609464446697
9344.5 2.15 555.4041088819504 0.3058544919869862
9245.0 2.2 555.64674949646 0.3168787805147106
9304.0 2.16 556.1320307254791 0.31147889220075375
9288.5 2.15 553.4041086435318 0.30950155749131164
9170.0 2.19 555.6467492580414 0.3140956497320573
9112.5 2.23 551.4041087627411 0.3291169234557073
9515.5 2.16 561.0609630346298 0.29651432625934515
9417.0 2.2 561.6467492580414 0.31535995764808994
9418.0 2.15 558.8183215856552 0.3017728046256613
9425.0 2.16 558.8183221817017 0.29801375036817296
9440.0 2.2 560.4751763343811 0.30920655631519456
9436.0 2.15 556.4751764535904 0.3005326959049173
9369.0 2.17 556.8183219432831 0.3080518281387124
9268.0 2.17 555.6467492580414 0.31422264713605447
9298.5 2.16 557.0609630346298 0.31098501262996475
9310.0 2.14 556.4751763343811 0.3125409343008678
9194.0 2.19 551.9898947477341 0.31456680901984035
9133.5 2.23 551.4041087627411 0.32850612028142234
9544.0 2.16 564.4751763343811 0.29587783451582944
9427.5 2.17 562.2325356006622 0.3148606807936413
9392.5 2.15 558.5756815671921 0.30178646754198735
9476.0 2.19 557.6467491388321 0.3002035300430884
9453.0 2.16 560.4751764535904 0.3065275910366704
9401.0 2.15 556.1320303678513 0.29844606262837786
9405.5 2.17 555.7472542524338 0.30829360176082476
9270.5 2.2 553.4041085243225 0.3150489566036521
9269.5 2.16 556.7178171873093 0.31170485116796404
9357.5 2.14 556.2325360774994 0.31099174472943586
9173.0 2.19 553.9898952245712 0.3159848558315853
9076.0 2.22 549.1614679098129 0.3256347596868666
9539.0 2.16 561.6467492580414 0.2967453156387663
9430.0 2.17 563.3036031723022 0.3146945833532047
9398.0 2.15 559.6467493772507 0.2995849331526369
9457.0 2.19 558.8183219432831 0.3030283525580727
9448.5 2.16 559.4041088819504 0.30612068038667534
9398.0 2.15 558.1320304870605 0.29840123659808093
9414.0 2.15 557.6467487812042 0.3089464030378701
9265.0 2.2 554.8183224201202 0.3142993492195829
9256.0 2.16 555.303603053093 0.3109027446240824
9335.5 2.16 556.2325359582901 0.3124388713767315
9163.5 2.19 554.2325359582901 0.3174067273171729
9073.0 2.22 547.9898951053619 0.3258103675033107
9527.0 2.16 565.6467493772507 0.29693573754035224
9428.0 2.17 559.6467489004135 0.3145539084939223
9394.0 2.15 559.6467487812042 0.2994935551751107
9449.0 2.19 558.475175857544 0.3035538171514903
9454.5 2.2 561.0609629154205 0.3077373116711343
9407.0 2.15 554.4751764535904 0.2964936174322739
9396.0 2.15 560.475176692009 0.3111815654077327
9253.5 2.22 555.0609625577927 0.31637040249025633
9262.5 2.16 552.5756813287735 0.3063805948794564
9315.0 2.16 554.818322300911 0.3122079217462465
9196.5 2.2 557.5462439060211 0.31763082067094367
9104.5 2.22 549.7472544908524 0.32154801638569225
9515.0 2.16 562.4751762151718 0.2979372216766998
9403.0 2.19 558.3330407142639 0.3138649786747022
9348.5 2.1 554.9188276529312 0.2875479718308406
9441.5 2.16 559.4041084051132 0.3008339184409615
9442.0 2.2 558.818322300911 0.3088559084525417
9379.0 2.14 550.3330409526825 0.2926993066524108
9389.5 2.17 556.2325359582901 0.3103026543906622
9264.0 2.22 554.4751759767532 0.31933506475005013
9270.5 2.16 553.4041086435318 0.30679396888645855
9320.5 2.16 556.2325354814529 0.31281342674390555
9201.5 2.19 553.8893896341324 0.31648120340458225
9108.5 2.22 546.2325358390808 0.3220895926857636
9505.5 2.14 560.2325353622437 0.29464734094354866
9412.5 2.16 560.5756816864014 0.31132625662242064
9428.5 2.16 559.8893896341324 0.3038969437750925
9423.0 2.12 557.1614677906036 0.29641229849630074
9438.0 2.19 558.818322300911 0.30806868617596417
9436.0 2.17 555.9898947477341 0.30242681607113886
9354.5 2.15 556.5756815671921 0.30518567957665604
9244.5 2.2 555.0609627962112 0.3167428972441054
9307.5 2.17 557.5462439060211 0.31217484134935325
9298.0 2.14 553.1614677906036 0.3096314077836206
9175.5 2.19 554.2325357198715 0.31403393424053105
9110.5 2.22 550.2325358390808 0.32797135154992524
9498.0 2.15 561.6467491388321 0.29514618824457056
9421.5 2.19 559.7472546100616 0.3128947590172419
9424.5 2.16 560.7178167104721 0.30349918053818126
9409.5 2.15 558.2325351238251 0.29748208594873077
9446.0 2.19 559.3036034107208 0.30776674214656297
9443.0 2.17 555.9898948669434 0.3030937289447252
9347.5 2.17 557.0609630346298 0.30752512397890625
9283.5 2.17 557.0609630346298 0.31402195861293747
9311.5 2.17 557.5462441444397 0.3122643316291343
9282.0 2.15 554.8183224201202 0.3102837506383578
9202.0 2.19 553.6467493772507 0.3143433562859533
9120.0 2.22 550.8183220624924 0.32797161627038074
9499.0 2.16 561.6467493772507 0.2964432366540871
9416.5 2.2 559.4041085243225 0.3152064800194838
9418.0 2.16 559.6467490196228 0.3023112961956544
9430.5 2.19 557.4041084051132 0.29926158279257714
9434.0 2.19 559.6467489004135 0.30799847347697357
9423.0 2.17 555.6467487812042 0.3016402046640495
9362.0 2.17 556.8183224201202 0.3086293412364468
9270.0 2.17 557.6467497348785 0.3134309730101758
9296.5 2.16 557.889389872551 0.311380130765631
9295.0 2.16 553.6467492580414 0.31291987655880893
9187.0 2.19 553.6467490196228 0.31493411932717336
9107.0 2.22 549.9898948669434 0.3272516873496916
9514.0 2.16 562.8183225393295 0.2952667366002321
9428.0 2.17 564.1320298910141 0.3136020422597726
9407.0 2.15 557.9898952245712 0.3001355986779419
9433.5 2.17 558.5756814479828 0.30156116320413623
9463.5 2.16 560.7178168296814 0.3061587391031166
9413.5 2.15 557.5462440252304 0.29808047672731547
9378.0 2.16 554.8183220624924 0.3092640138311532
9279.0 2.2 556.818322300911 0.3137671182878339
9268.5 2.17 557.0609623193741 0.31022284704024117
9305.5 2.16 557.5462439060211 0.3121230706174788
9194.0 2.19 553.9898952245712 0.3150993551901521
9095.5 2.22 549.7472547292709 0.32657592708361916
9525.0 2.16 563.3036029338837 0.2966214701657751
9436.0 2.16 558.818322300911 0.31290097912802417
9412.5 2.14 557.8893897533417 0.2986487119413052
9442.5 2.19 559.0609629154205 0.30363827071938815
9481.5 2.19 559.060962677002 0.3059146518558215
9418.0 2.15 557.3036034107208 0.2981038177610114
9392.0 2.15 559.6467492580414 0.3112849009692208
9296.0 2.22 555.6467492580414 0.3141698412631464
9257.5 2.19 553.4041090011597 0.30966502369018273
9317.0 2.16 555.6467490196228 0.3120803665645133
9212.5 2.17 558.3746712207794 0.315803975561301
9103.0 2.19 550.818322300911 0.32255057085710215
9530.5 2.16 563.060962677002 0.29725635876043277
9439.5 2.16 561.8893897533417 0.31330400048144436
9374.5 2.14 557.0609627962112 0.2986184240252105
9458.0 2.16 561.6467493772507 0.3015059811293672
9458.5 2.19 558.2325357198715 0.30635189282481007
9397.0 2.17 553.6467492580414 0.2970844422676184
9393.0 2.17 556.818322300911 0.30987126522631897
9284.5 2.2 555.4041086435318 0.3165794025439558
9238.0 2.16 553.6467493772507 0.3070073424669776
9316.0 2.16 553.9898951053619 0.31437891993437383
9211.0 2.2 554.4751768112183 0.3156451696917842
9101.0 2.19 551.6467492580414 0.32185992313587336
9536.5 2.13 562.7178171873093 0.2935146720223983
9431.0 2.2 559.6467491388321 0.315478401760275
9400.5 2.15 560.2325352430344 0.30163573611359157
9457.5 2.19 556.5756818056107 0.29899365833674996
9452.5 2.2 559.8893897533417 0.30948572039325367
9413.0 2.17 555.6467493772507 0.3025692570923634
9424.0 2.14 556.8183220624924 0.30286999434280726
9290.0 2.17 555.6467490196228 0.31637806728517553
9287.5 2.17 557.8893901109695 0.3105060123875624
9309.0 2.16 553.6467490196228 0.3130699309643191
9219.0 2.19 552.8183219432831 0.314419666580494
9108.0 2.23 551.1614681482315 0.32730961790928625
9534.0 2.16 562.960457444191 0.29519128161896757
9418.5 2.2 561.8893901109695 0.3163538781308687
9399.5 2.15 558.2325359582901 0.30247291673788407
9451.5 2.19 560.2325360774994 0.3011068835264607
9445.0 2.17 560.1320300102234 0.30840754423489813
9415.0 2.15 557.303603053093 0.29825811351967685
9423.5 2.15 559.889389872551 0.3062163054840436
9258.5 2.17 555.0609624385834 0.3157680619047156
9286.0 2.16 557.303603887558 0.31078725483727404
9290.5 2.16 553.4041088819504 0.3157594380783833
9192.5 2.19 552.2325356006622 0.31481635138939756
9112.0 2.19 548.8183224201202 0.32557777778724367
9500.0 2.15 560.8183224201202 0.2952294572411365
9443.5 2.2 561.404109120369 0.31509176172386233
9420.5 2.16 559.8893897533417 0.30175846141104884
9411.0 2.16 561.303603887558 0.3101366947296778
9484.5 2.16 561.8893899917603 0.30778818179785083
9431.5 2.17 556.5756809711456 0.3024413374022971
9419.0 2.15 562.1320307254791 0.3053767353782684
9323.5 2.19 559.8893899917603 0.31461928481303597
9313.0 2.17 557.3036036491394 0.3108411187732645
9309.5 2.15 552.5756816864014 0.30298754212009826
9244.0 2.2 555.6467493772507 0.3144599942364043
9152.5 2.19 550.2325354814529 0.3236327016026944
9489.5 2.16 559.4041086435318 0.30243960577190854
9448.0 2.2 559.1614679098129 0.31369626545101226
9461.0 2.12 558.8183220624924 0.30047329028299835
9439.0 2.16 558.8183226585388 0.29835152427502665
9479.0 2.16 563.3036036491394 0.308401020919125
9768.5 2.17 503.60511887073517 0.3211007127160426
9428.0 2.16 560.8183221817017 0.29752008876345926
9480.5 2.19 557.4041087627411 0.3020619121722275
9313.5 2.16 556.2325353622437 0.30550916934749656
9206.0 2.18 551.9898949861526 0.3087972145644719
9333.0 2.2 555.6467487812042 0.31286581404724906
9121.5 2.2 552.2325361967087 0.3270540899797173
9530.0 2.16 562.4751765727997 0.2966659285598199
9412.5 2.2 559.4041085243225 0.3160047123819549
9412.0 2.15 559.6467491388321 0.30120662313610364
9356.5 2.17 558.2325358390808 0.30194792501531065
9438.0 2.2 560.4751763343811 0.3084841106365026
9424.0 2.17 555.6467493772507 0.3016085089985578
9412.5 2.16 558.5756814479828 0.30527037800953194
9274.5 2.22 557.0609625577927 0.3174519951507874
9295.5 2.17 558.7178171873093 0.3120814409397853
9301.5 2.16 552.5756813287735 0.3046468279598613
9290.5 2.2 557.0609631538391 0.3216249424602424
9157.5 2.2 551.4041088819504 0.322272329700551
9527.5 2.13 563.0609629154205 0.2959441888472171
9426.0 2.19 559.5046139955521 0.3134845573274705
9413.0 2.15 558.8183218240738 0.3011427923263788
9363.0 2.17 557.64674949646 0.3025096829824753
9413.0 2.16 559.3036034107208 0.31594041138389495
9419.0 2.17 555.1614677906036 0.3027288610793192
9420.0 2.17 559.3036037683487 0.305439151008058
9269.5 2.2 557.060962677002 0.3174481659233683
9301.5 2.17 557.889389872551 0.31219648710207726
9292.0 2.15 554.3330413103104 0.30431450764694806
9316.5 2.19 554.57568192482 0.31150955063045893
9160.5 2.19 550.2325359582901 0.32369121530995076
9493.0 2.16 561.6467493772507 0.2960703588514669
9423.0 2.2 561.6467492580414 0.31456923855740215
9433.5 2.15 561.0609625577927 0.3025323594583182
9335.0 2.17 558.4751764535904 0.30201367528831485
9465.0 2.16 564.1320309638977 0.3100306726986609
9451.5 2.16 557.8893901109695 0.30189982389667125
9391.0 2.16 556.8183221817017 0.3056747480709634
9306.0 2.17 554.4751759767532 0.3141771973165626
9324.0 2.17 556.4751759767532 0.31238650813546925
9279.0 2.16 552.8183224201202 0.30576804809218294
9320.5 2.2 556.2325357198715 0.31225283867284775
9169.5 2.2 553.0609630346298 0.3235618809367472
9511.0 2.16 561.6467493772507 0.29609620053191943
9442.0 2.2 559.9898949861526 0.3150105969874707
9379.5 2.15 559.0609624385834 0.30916526680071055
9348.0 2.17 558.4751765727997 0.30190875725893135
9480.0 2.16 564.1320308446884 0.31018661486409504
9429.0 2.19 556.475176692009 0.30290772145068195
9399.0 2.14 557.6467493772507 0.3047757327331324
9319.0 2.17 554.4751763343811 0.31418575789892506
9327.0 2.16 554.8183219432831 0.3054780846882973
9282.0 2.19 551.9898954629898 0.3053107631317577
9337.0 2.2 555.6467489004135 0.3127193458659112
9146.0 2.2 550.8183224201202 0.32340465907511445
9517.5 2.13 562.7178171873093 0.2955907016347448
9423.5 2.2 560.2325356006622 0.31545359109662985
9439.0 2.12 560.4751764535904 0.30232922520785716
9344.5 2.16 556.5756816864014 0.3002079862826812
9451.0 2.16 564.1320309638977 0.31105961318437114
9412.5 2.17 555.060962677002 0.3024512970837938
5152.5 3.7 377.5807338953018 1.1584554062457866
9286.0 2.17 554.8183219432831 0.3144920397917143
9310.0 2.16 554.8183219432831 0.30506427070192726
4079.5 4.18 389.37972366809845 1.8198053567204915
9310.5 2.2 552.5756813287735 0.31304844017648564
9110.5 2.2 551.4041087627411 0.32525217365005166
9485.0 2.16 561.64674949646 0.29612966382730366
9409.5 2.2 559.4041086435318 0.31494052339852624
9469.5 2.12 559.4041085243225 0.30169133054104297
9323.0 2.16 557.6467493772507 0.30045117587017367
9460.0 2.16 564.1320309638977 0.31078092990788764
9442.0 2.16 557.3036037683487 0.30217486659400106
5151.5 3.7 378.40916097164154 1.1566698649233957
9307.5 2.17 555.060962677002 0.3144562853004988
9336.5 2.16 555.4041082859039 0.3054624488451484
4059.0 4.18 390.79393696784973 1.8379908988048332
9328.0 2.2 555.6467489004135 0.31280352767338065
9159.0 2.2 550.8183224201202 0.32281877810332993
5137.0 3.72 378.99494755268097 1.1942683679072332
9427.5 2.2 560.2325354814529 0.3159390562123267
9450.5 2.12 558.2325356006622 0.30187523371044483
4045.0 4.1 393.96550989151 1.9199258373355739
9462.0 2.16 564.1320309638977 0.3108400462323772
9417.0 2.17 555.6467496156693 0.3023883768062568
9446.5 2.14 560.2325356006622 0.29546594391719944
9296.5 2.17 554.2325354814529 0.31474542332947403
9316.0 2.16 554.8183219432831 0.30549179261186243
9214.0 2.18 551.9898953437805 0.3094188041764117
9316.5 2.2 552.5756813287735 0.31328385114483287
9123.0 2.2 550.8183220624924 0.3239181054171183
9519.0 2.13 562.4751765727997 0.2944209467728668
9439.0 2.2 559.9898948669434 0.3156994565577086
9449.0 2.12 559.6467493772507 0.30275091413483946
9345.5 2.17 558.2325357198715 0.3011850219176415
9469.0 2.16 563.3036032915115 0.30965174379169097
9425.0 2.17 555.6467496156693 0.30188085149226823
5153.0 3.79 376.16652023792267 1.1550186242104807
9312.0 2.17 554.8183219432831 0.31418032324623635
9324.5 2.16 555.4041082859039 0.3050043537598047
4042.5 4.18 391.3797233104706 1.869140394591179
9339.0 2.2 555.6467489004135 0.3134278284120423
9144.0 2.2 550.8183224201202 0.3233723117060703
9527.5 2.13 563.0609629154205 0.2944829252910292
9438.0 2.2 561.6467492580414 0.3146765827394665
9440.5 2.12 560.2325357198715 0.3035363973583992
9350.5 2.17 558.2325357198715 0.3011865823936529
9460.5 2.16 563.5462441444397 0.31010315672712474
9414.0 2.19 556.475176692009 0.3032854384215188
9304.5 2.17 554.2325359582901 0.30973646781410435
5164.5 3.7 376.4091614484787 1.160876288544414
9308.0 2.16 556.8183220624924 0.305541182125278
4051.5 4.18 393.0365775823593 1.8925382022567765
9318.5 2.19 555.0609629154205 0.31030054441899846
9113.5 2.2 550.2325354814529 0.32459628241337657
9557.0 2.13 563.3036035299301 0.2942130582189755
5141.0 3.7 378.99494767189026 1.189525762696042
9448.0 2.12 559.6467493772507 0.3035518951489685
4036.0 4.1 393.1370829343796 1.934939897491281
9361.5 2.19 559.8893901109695 0.30287966957173856
9413.0 2.17 555.6467496156693 0.30222901958647674
9316.0 2.17 554.818322300911 0.3089984989932018
9365.5 2.19 557.0609622001648 0.31586126947034954
9317.5 2.16 555.4041084051132 0.3052292795490841
9326.5 2.19 555.8893901109695 0.30986514132170095
9106.5 2.23 550.57568192482 0.3275060371508465
9298.0 2.16 557.6467497348785 0.31830584216648034
9485.0 2.16 559.6467491388321 0.3028242618836226
9425.0 2.2 559.1614679098129 0.31304470899639425
9984.5 2.12 499.1198379993439 0.3143232072267126
9431.0 2.15 557.9898955821991 0.29796368912206783
9468.0 2.16 562.4751763343811 0.3079572517128834
9283.5 2.17 553.4041087627411 0.30772271210252244
9424.0 2.16 560.8183221817017 0.2981768188980915
9472.5 2.19 557.889389872551 0.3033750463743514
9328.5 2.16 555.4041082859039 0.3039130391582868
9195.0 2.18 551.9898953437805 0.3088116986026841
9331.5 2.2 556.2325357198715 0.31295367206173824
9142.0 2.2 551.9898955821991 0.32494474658956796
9533.0 2.13 564.1320307254791 0.29519817544012916
9548.5 2.15 565.546244263649 0.30439508486643385
5097.0 3.7 378.9949474334717 1.180555610164993
4028.0 4.18 390.79393696784973 1.8868740721929411
9356.5 2.17 559.0609630346298 0.30163141646173636
9533.0 2.17 562.1320307254791 0.3031146737032263
9313.0 2.17 554.818322300911 0.3090782207586187
9357.0 2.19 558.475175857544 0.31643615993918106
9320.5 2.16 555.4041082859039 0.3048430514294509
9328.5 2.19 555.8893901109695 0.3099325120125437
9283.5 2.19 555.4041086435318 0.3176628155574688
9115.0 2.2 550.8183220624924 0.3244744605217116
9528.0 2.13 562.1320309638977 0.295851430994265
9544.5 2.15 565.546244263649 0.30369774802998223
9416.5 2.15 561.0609625577927 0.30307909977552117
9367.5 2.19 559.0609631538391 0.30224724522287905
9535.0 2.17 561.3036036491394 0.3034002889887174
9287.5 2.19 555.0609630346298 0.31488781097904883
9317.5 2.17 555.8893899917603 0.3094312407319999
9360.0 2.19 559.3036028146744 0.31636714521367326
5114.5 3.67 376.4091612100601 1.1481420628595234
4025.5 4.05 387.37972342967987 1.8530486979417937
9335.0 2.19 555.64674949646 0.3086280037760648
9291.5 2.19 555.4041087627411 0.3176782904870323
9517.5 2.13 562.7178173065186 0.2953252795509042
9533.5 2.15 565.5462443828583 0.30435675165135984
9398.5 2.15 560.2325356006622 0.30141407531814723
9360.0 2.17 557.9898951053619 0.30090194300084017
9282.5 2.19 555.0609630346298 0.31455150800179327
9355.0 2.19 559.3036028146744 0.31595776575107654
9334.5 2.19 555.0609630346298 0.30835957152843
9274.5 2.19 555.4041087627411 0.3173546749241621
9507.5 2.16 560.5756814479828 0.3028651834390284
9439.0 2.2 561.6467491388321 0.31440055519805477
9465.5 2.12 558.5756813287735 0.30141648383549985
9451.0 2.16 558.8183226585388 0.29886844252769273
9465.5 2.16 562.2325357198715 0.3081570282349334
9270.0 2.17 553.6467492580414 0.30806258409878345
9430.0 2.16 559.9898951053619 0.2980624794963476
9459.5 2.19 559.0609631538391 0.30312567196279316
9320.0 2.16 554.8183218240738 0.3053884025902876
9661.0 2.19 491.36247873306274 0.3224049961732325
9313.5 2.2 556.2325356006622 0.3134231660510884
9114.0 2.23 550.818322300911 0.32799132230224043
9524.0 2.13 563.3036036491394 0.2954469085393433
9543.0 2.15 564.9604579210281 0.30472889121247915
9407.5 2.15 560.2325356006622 0.30233232649437103
9353.5 2.17 557.4041088819504 0.30111811478330575
9357.5 2.22 560.2325357198715 0.313723855227492
9271.0 2.19 555.64674949646 0.31471240584948695
4556.5 1.18 330.066015124321 0.3009969877913598
9438.5 2.16 556.5756810903549 0.30009484597535835
9351.0 2.19 558.4751757383347 0.31677916875496137
9330.5 2.19 555.8893901109695 0.30914911181855764
9285.0 2.19 555.9898951053619 0.31777822538230555
4629.5 1.06 356.6934322118759 0.3930881230543453
9502.0 2.16 562.4751764535904 0.29608861903134065
4651.5 1.21 331.5807341337204 0.3136429897691152
9554.0 2.15 566.1320307254791 0.303946324012044
9320.0 2.16 557.6467492580414 0.30017539157601736
9379.0 2.19 560.4751759767532 0.31374345080424415
4703.5 1.06 363.0365779399872 0.3792913660031814
9415.5 2.17 555.4041082859039 0.30124715405882685
9363.5 2.19 559.889389872551 0.3159640485425927
9334.5 2.16 556.2325354814529 0.3044128137017621
9275.5 2.19 555.0609625577927 0.31057810573274547
9289.0 2.2 556.818322300911 0.31785610219911725
9151.0 2.2 551.9898953437805 0.3232300411212038
9510.0 2.16 561.3036037683487 0.29667238256814416
9459.5 2.12 558.5756815671921 0.3013556914628682
4689.5 1.06 363.8650047779083 0.3857641150647688
4632.5 1.21 332.8944420814514 0.3121814305074038
9329.0 2.16 557.6467492580414 0.30001378098317355
9264.5 2.17 552.2325353622437 0.30731832820627
9416.5 2.16 555.4041082859039 0.3011638057646901
9329.5 2.19 559.0609620809555 0.31714497261922975
9327.5 2.16 554.2325353622437 0.30506028566042387
9300.5 2.19 555.8893902301788 0.30966281087737835
9281.0 2.19 555.9898952245712 0.3176015432539474
9138.5 2.2 551.4041088819504 0.3240612622155939
9527.0 2.15 560.818322300911 0.2955500092508059
9440.0 2.2 559.9898954629898 0.31337484521442227
9444.0 2.13 560.4751763343811 0.30247996032698704
9362.0 2.17 557.1614681482315 0.3021810274760409
9470.0 2.16 562.4751759767532 0.3095012649165544
9260.0 2.17 557.3036032915115 0.30825788462083276
9443.0 2.17 557.64674949646 0.3029505939850317
9300.0 2.17 555.6467496156693 0.30630562121392035
4663.0 1.05 362.45079147815704 0.37251692939953396
9326.0 2.15 554.4751763343811 0.3081804003784937
9097.0 2.22 548.818322300911 0.32729810320613717
4547.0 1.18 332.45079135894775 0.30226812872395475
9507.0 2.16 560.4751762151718 0.2957739608231523
9435.0 2.2 560.3330407142639 0.3127402160937126
9449.5 2.12 560.2325353622437 0.3003776949423536
9342.0 2.17 557.64674949646 0.3017833803153899
9470.5 2.16 565.8893901109695 0.3099144420087561
9265.0 2.17 554.4751762151718 0.30788941939645437
9477.0 2.19 561.3036032915115 0.304710653428382
9312.0 2.17 556.4751763343811 0.30623818686503895
4725.5 1.06 361.8650047779083 0.35641408306395245
4578.0 1.2 330.65180134773254 0.3022454695904904
9330.5 2.19 554.2325354814529 0.3119422963441185
9109.5 2.22 549.4041085243225 0.32809028643908406
9435.0 2.2 560.3330410718918 0.3120215849101925
4719.5 1.1 364.2081506252289 0.3753051526004941
9459.0 2.12 559.6467490196228 0.3003941011691529
4632.5 1.21 334.0660150051117 0.30789462444143806
9462.5 2.16 563.5462440252304 0.3093889947581081
9276.5 2.17 555.060962677002 0.30764191581846295
9427.0 2.15 560.1320306062698 0.2983283518378773
9476.0 2.19 560.132030248642 0.3048192851304363
9321.0 2.17 556.4751763343811 0.3060654366957619
9206.5 2.18 551.4041090011597 0.3091642642818531
9331.0 2.19 553.6467492580414 0.3118274359499853
9131.5 2.19 550.2325354814529 0.32461739760042696
9518.5 2.16 559.4041085243225 0.3026923191257763
9438.0 2.17 559.1614681482315 0.31391985344053036
9456.5 2.12 560.2325356006622 0.30194203706536105
9444.0 2.15 557.9898955821991 0.2975017728717271
9461.5 2.16 562.7178169488907 0.30825170787469003
9264.0 2.17 553.6467492580414 0.30761615957946115
9427.5 2.17 559.8893897533417 0.2991729829254135
9467.0 2.19 557.6467491388321 0.3030554689732226
9322.0 2.17 556.475175857544 0.3054500292792686
9198.5 2.18 551.4041087627411 0.30876997630129976
9306.0 2.19 555.9898953437805 0.3118056793596493
9602.5 2.22 490.29141116142273 0.33656394446864396
9507.0 2.16 558.8183219432831 0.3033334036466643
9439.0 2.17 559.1614680290222 0.3137427596942437
9455.0 2.12 559.6467491388321 0.3017627664638572
9440.0 2.16 558.8183226585388 0.2987698200672424
9457.5 2.16 561.889389872551 0.30841200479637665
9257.0 2.17 553.6467493772507 0.30735192968409264
9421.0 2.16 560.8183220624924 0.29811392919119023
9470.5 2.19 558.2325354814529 0.30292974477753865
9828.0 2.17 495.01933217048645 0.31956371486965723
9196.5 2.18 551.4041084051132 0.3097846289857805
9312.0 2.19 555.9898953437805 0.3127651674093122
9135.5 2.22 549.4041088819504 0.32579746736737614
9513.0 2.16 558.8183220624924 0.30294048868339746
9443.0 2.17 559.9898951053619 0.31311762312123176
9455.0 2.12 558.8183219432831 0.301637195518443
9442.0 2.16 558.8183225393295 0.29872920801736563
9468.5 2.16 563.060962677002 0.30848973687483955
9257.0 2.17 553.6467492580414 0.3086573400127808
9431.0 2.16 560.8183221817017 0.2982742684583042
9465.0 2.19 558.8183220624924 0.30285042548425367
9301.0 2.16 554.8183220624924 0.3049714765286533
9196.0 2.18 551.9898952245712 0.30907409724591384
9793.5 2.2 495.1198379993439 0.32541349188473334
9111.0 2.22 549.9898953437805 0.32545541252390625
9490.5 2.16 560.2325356006622 0.30219949769607957
9965.5 2.2 499.948264837265 0.32678234176430343
9468.0 2.12 558.8183219432831 0.3014936784261227
9434.0 2.16 558.8183225393295 0.29748000647357137
9474.0 2.16 563.3036034107208 0.3090310763383664
9278.5 2.17 554.2325356006622 0.3075592671069594
9421.5 2.16 560.2325357198715 0.2973010153969494
9484.5 2.19 558.2325357198715 0.3022142782814463
9325.5 2.16 555.4041085243225 0.3053812420140151
9200.0 2.18 551.9898952245712 0.3088176561458361
9335.0 2.2 555.9898951053619 0.31303404612279745
9139.5 2.2 552.2325360774994 0.3256128302539634
9490.5 2.16 561.0609627962112 0.3025585033372899
9457.0 2.17 562.1320303678513 0.3107307593014117
9471.5 2.12 559.4041087627411 0.30168422423609986
9932.5 2.16 497.948264837265 0.31242703315969944
9489.0 2.16 563.3036034107208 0.30737755394209804
9288.5 2.17 554.2325358390808 0.3076128309193253
9418.5 2.14 559.889389872551 0.297038981974671
9476.5 2.19 557.8893897533417 0.3035437476428872
9334.5 2.17 556.2325352430344 0.3056314542979837
9194.5 2.18 552.5756816864014 0.30851887162091174
9334.5 2.2 554.2325354814529 0.31286115321127733
9150.0 2.2 551.6467492580414 0.32498915323557626
9511.0 2.16 559.6467490196228 0.3028181482448574
9435.5 2.17 562.7178167104721 0.31287838665361284
9454.0 2.12 559.9898951053619 0.3021275549743913
9434.0 2.16 558.818322300911 0.29836858393355925
9449.5 2.16 563.0609630346298 0.30861414550465305
9259.0 2.17 552.8183220624924 0.3079749950861212
9875.0 2.16 496.877197265625 0.31038356536595363
9454.5 2.19 557.8893901109695 0.30419726074136644
9311.0 2.16 555.6467487812042 0.30528362914218427
9187.0 2.18 551.9898947477341 0.3093758429650158
9315.0 2.2 555.9898951053619 0.31298493639044506
9127.5 2.2 552.2325358390808 0.32594725531156543
