9503.5 2.15 561.8893897533417 0.30153570070569036
9514.5 2.19 563.8893897533417 0.3048237330935914
9490.5 2.14 559.0609630346298 0.29763673839597193
9352.0 2.16 554.8183220624924 0.29756576983566324
9475.5 2.17 558.2325359582901 0.3020084091280262
9343.5 2.16 555.8893897533417 0.3016955481480621
9241.0 2.2 555.6467491388321 0.3224097503070485
9333.5 2.2 555.4041082859039 0.31459669992037276
9317.0 2.15 556.4751759767532 0.2997105244052342
9238.5 2.18 551.4041084051132 0.31388516583597703
9304.5 2.15 552.2325358390808 0.3121717000128716
9131.0 2.19 547.9898953437805 0.31594712915277423
9497.0 2.15 561.303603053093 0.30176399395927833
9507.0 2.16 561.3036035299301 0.3031671560871116
9474.0 2.14 559.6467492580414 0.2968474883353848
9325.5 2.19 554.2325353622437 0.30228803710202795
9468.5 2.17 559.4041086435318 0.3028392761119947
9337.0 2.15 554.4751763343811 0.29995397625070075
9236.5 2.2 555.8893899917603 0.32420783140322773
9324.5 2.17 557.0609629154205 0.31334989408680275
9292.0 2.15 555.3036031723022 0.29826366428182427
9240.0 2.18 551.6467491388321 0.3138225422598491
9285.5 2.18 551.4041092395782 0.3121591841758413
9111.0 2.18 545.9898949861526 0.3150860509341105
9517.0 2.19 564.4751764535904 0.306264833135485
9506.0 2.16 561.6467487812042 0.3037199605148264
9449.5 2.14 558.2325357198715 0.2986156674975976
9351.0 2.16 556.8183220624924 0.3020269224318862
9444.0 2.16 562.1320308446884 0.30469457835635183
9328.5 2.15 554.2325358390808 0.2982021816373262
9251.5 2.2 555.060962677002 0.3249653123301264
9306.5 2.2 556.2325359582901 0.3139873794526538
9283.0 2.15 556.9604572057724 0.29765228329130716
9239.0 2.18 549.9898952245712 0.3143553727565612
9286.5 2.18 552.2325357198715 0.31257450965128547
9105.5 2.18 546.5756815671921 0.3133016930806927
9518.5 2.19 562.2325357198715 0.3046522220248886
9493.5 2.15 561.0609629154205 0.3055980997681255
9440.0 2.14 559.6467493772507 0.2995320468572246
9354.0 2.17 559.3036029338837 0.3043544269819275
9424.0 2.17 559.6467492580414 0.3056035505471209
9304.0 2.15 553.6467491388321 0.2995696197405089
9244.0 2.2 555.6467493772507 0.3248332850314301
9290.0 2.16 558.4751759767532 0.31600452640403326
9266.5 2.16 551.4041084051132 0.29698384561640834
9242.5 2.18 551.4041084051132 0.31379816750360173
9288.5 2.18 554.2325354814529 0.3087661414170348
9118.0 2.15 547.6467490196228 0.31209643320621894
9521.5 2.19 563.0609627962112 0.3045126504792936
9519.0 2.16 564.1320306062698 0.305623313802037
9454.0 2.14 559.3036036491394 0.2987917154313115
9363.5 2.16 559.4041087627411 0.301816260329768
9464.0 2.19 560.9604573249817 0.30312072814180907
9304.5 2.18 554.5756809711456 0.3009607357489323
9260.0 2.2 555.9898951053619 0.32517830372174117
9319.0 2.17 558.4751764535904 0.3141325679985947
9266.0 2.16 551.9898948669434 0.29695441225247493
9278.5 2.15 551.8893896341324 0.3126552295531336
9317.5 2.18 552.2325358390808 0.30855941737657044
9100.0 2.15 545.6467492580414 0.31220574010685853
9508.5 2.16 564.7178171873093 0.3026858519778146
9492.0 2.19 561.6467493772507 0.30384908619511125
9466.5 2.14 559.0609627962112 0.2969981421032799
9434.0 2.17 557.64674949646 0.3035734095342972
9325.0 2.15 557.3036034107208 0.299901805412476
9253.0 2.19 555.6467492580414 0.3211152833380058
9305.5 2.2 555.4041086435318 0.3138674734728744
9291.5 2.15 555.5462441444397 0.29844356496090696
9252.0 2.19 552.4751762151718 0.3156232576280192
9121.0 2.18 545.9898953437805 0.31337359889392546
9476.0 2.14 560.4751764535904 0.3021524922544552
9461.5 2.17 561.0609629154205 0.30651184868589754
9490.5 2.15 562.7178169488907 0.3023062803668705
9322.0 2.15 556.818322300911 0.29857910495525447
9424.5 2.17 558.2325353622437 0.30306740340764177
9350.5 2.16 559.060962677002 0.3025114016766798
9206.5 2.18 552.5756815671921 0.3205340767228248
9271.0 2.2 558.475175857544 0.3176282435067998
9319.0 2.16 557.3036031723022 0.3016486375186828
9218.0 2.18 547.9898949861526 0.3109781941418911
9266.5 2.19 551.0609631538391 0.3127832410092623
9143.0 2.19 548.8183224201202 0.31547563447948324
9516.5 2.15 563.8893901109695 0.30053761499155657
9473.5 2.19 560.7178165912628 0.30614520725076155
9458.5 2.14 561.8893899917603 0.3009675199823112
9371.0 2.17 558.475176692009 0.29645000416218614
9420.0 2.19 560.4751764535904 0.3041621970757349
9313.5 2.15 555.8893899917603 0.3021186957161097
9248.5 2.19 556.2325354814529 0.3205360848773848
9262.5 2.19 557.0609630346298 0.31783769372252235
9287.0 2.15 555.3036032915115 0.3000239139675176
9240.5 2.15 551.0609632730484 0.3117551880913329
9248.5 2.19 553.4041087627411 0.31426480397750917
9108.0 2.18 545.9898947477341 0.31517515879706803
9526.5 2.16 563.5462443828583 0.30126814977969407
9478.0 2.19 562.4751764535904 0.30595687225282847
9460.0 2.15 561.3036036491394 0.2998951113582076
9375.5 2.16 555.4041082859039 0.29676896902569005
9423.5 2.17 559.0609624385834 0.30335495742432883
9323.5 2.16 557.8893895149231 0.30215430758216255
9261.5 2.2 555.8893901109695 0.3217429192113685
9269.0 2.2 558.4751762151718 0.31803741558463405
9287.0 2.15 556.4751762151718 0.3002589922800119
9252.0 2.16 552.4751762151718 0.3141528649652856
9263.0 2.19 551.6467493772507 0.31330053109575534
9112.0 2.19 547.6467493772507 0.3167617020805292
9527.0 2.15 562.4751762151718 0.3005576011049343
9479.5 2.17 561.4041087627411 0.3031409507374757
9454.0 2.14 560.4751759767532 0.29765216570219893
9377.0 2.16 555.9898947477341 0.29777047012571084
9424.5 2.17 559.4041090011597 0.30426312566895636
9304.0 2.15 554.4751762151718 0.3009291420241101
9262.0 2.2 555.6467493772507 0.3210109903527762
9287.0 2.2 557.6467490196228 0.31760177977542914
9260.5 2.15 555.0609625577927 0.2990017466972168
9255.0 2.18 552.4751763343811 0.3132404031467691
9257.0 2.18 550.8183230161667 0.3134718495952195
9098.0 2.18 546.8183220624924 0.3145121426730077
9533.5 2.16 564.7178168296814 0.30202772219337837
9490.5 2.16 560.2325354814529 0.3036962003165658
9452.0 2.14 555.9898952245712 0.2962934287087974
9384.0 2.16 557.6467491388321 0.3002133647141136
9422.0 2.19 559.3036037683487 0.30533414142638843
9311.5 2.15 555.0609631538391 0.29983802004169097
9301.0 2.2 553.9898951053619 0.3200933416371278
9293.5 2.2 557.0609627962112 0.315187463039342
9271.0 2.14 555.3036035299301 0.29929612317018195
9272.0 2.18 552.8183218240738 0.3109624076939564
9267.5 2.19 554.2325357198715 0.3142853015212721
9107.5 2.18 545.4041084051132 0.31383209740300766
9534.0 2.19 562.475175857544 0.3040393966285198
9497.0 2.16 562.4751764535904 0.30428694072433987
9435.5 2.14 558.2325358390808 0.2988894640637823
9382.0 2.17 559.6467491388321 0.3022279140559567
9431.5 2.15 560.7178171873093 0.3063454668802334
9305.5 2.15 553.4041082859039 0.2981347365264172
9280.5 2.2 555.0609631538391 0.3215064412711372
9295.5 2.16 559.0609624385834 0.3156815417835477
9250.5 2.16 551.4041086435318 0.29922340548958004
9280.0 2.19 553.64674949646 0.31330366376373553
9268.5 2.19 555.0609624385834 0.3122951512628779
9096.0 2.18 544.4751756191254 0.31366597304642535
9536.5 2.19 562.2325354814529 0.3025916692288479
9497.5 2.15 561.060962677002 0.30521262820191464
9434.5 2.12 558.2325356006622 0.29814555254530745
9390.0 2.17 560.4751760959625 0.3018284145644696
9419.0 2.17 559.3036036491394 0.3062507597248854
9295.0 2.14 554.8183218240738 0.2970607597373121
9286.0 2.2 555.6467489004135 0.3233438028538336
9291.0 2.17 559.303603053093 0.31457058751530215
9256.5 2.16 553.0609627962112 0.2992270457368757
9284.5 2.19 550.2325357198715 0.3126123786202078
9274.5 2.19 553.8893893957138 0.3118894238972227
9102.5 2.18 545.0609624385834 0.31315344950439944
9548.0 2.19 562.8183220624924 0.3031335800454212
9491.0 2.16 562.4751765727997 0.30601032041056375
9416.5 2.16 557.0609632730484 0.2994897000924747
9392.0 2.17 560.4751762151718 0.3005881002834051
9422.0 2.19 562.1320306062698 0.3060040073155115
9275.0 2.15 553.3036032915115 0.29892662144150633
9278.5 2.2 556.2325358390808 0.32429038250336445
9279.0 2.17 557.3036037683487 0.31559690558701625
9241.0 2.16 551.9898949861526 0.2964292818278824
9275.0 2.18 549.9898953437805 0.3123096268479728
9273.0 2.18 554.4751763343811 0.31058375281389855
9079.5 2.18 545.4041086435318 0.312919375047987
9563.5 2.16 563.0609630346298 0.3025047277450721
9486.5 2.17 563.889389872551 0.30672095408492117
9410.5 2.15 555.4041087627411 0.2987623569908981
9414.0 2.17 560.4751765727997 0.29883196282168933
9436.0 2.17 560.9604573249817 0.30479343032204714
9266.0 2.16 552.8183213472366 0.29930439341285825
9291.0 2.2 556.4751763343811 0.32255122636343786
9287.0 2.17 559.3036035299301 0.3168770007277949
9238.0 2.16 549.1614680290222 0.2959246097274468
9280.5 2.16 555.0609629154205 0.3153831496614996
9284.5 2.18 553.0609630346298 0.3089698448302196
9087.5 2.18 545.0609627962112 0.3109538673267943
9517.5 2.17 562.2325356006622 0.30430333005612953
9496.0 2.16 561.6467489004135 0.30583393727251096
9421.0 2.15 556.818322300911 0.2994388117053533
9428.5 2.17 559.0609627962112 0.305942650271063
9314.5 2.14 553.4041087627411 0.29752053231618714
9265.0 2.2 556.4751762151718 0.32401123417945604
9294.0 2.16 557.6467489004135 0.31625321785909555
9264.0 2.14 552.4751760959625 0.29820564297859975
9261.5 2.18 551.4041086435318 0.31293392438925893
9122.0 2.15 548.4751762151718 0.3116364077450341
9498.5 2.17 561.4041081666946 0.3042501962666262
9497.0 2.15 560.4751763343811 0.30339634684048794
9452.0 2.14 558.8183220624924 0.2976730249991452
9423.5 2.17 559.0609629154205 0.3048754908252683
9330.0 2.15 556.4751763343811 0.2975140060968148
9255.5 2.23 555.4041085243225 0.3243790123604272
9305.5 2.17 559.0609625577927 0.3143034278562953
9284.0 2.14 554.4751762151718 0.2970338665650744
9262.5 2.19 552.2325354814529 0.3140478123929844
9125.0 2.18 546.8183214664459 0.3118875132108969
9527.0 2.16 562.4751764535904 0.30220274663126956
9511.0 2.16 562.4751763343811 0.3033957429591958
9466.5 2.14 557.0609625577927 0.2966254090463035
9437.0 2.19 560.4751759767532 0.304470759990877
9328.0 2.15 554.4751762151718 0.2995763356512469
9275.0 2.2 554.8183224201202 0.3216850524652272
9308.5 2.2 556.2325358390808 0.3150688565615918
9290.0 2.15 555.3036028146744 0.29846585476917187
9264.0 2.18 551.6467489004135 0.3136007949333881
9129.5 2.18 545.7472542524338 0.3144021145489129
9552.5 2.19 562.2325354814529 0.30206176781441624
9496.0 2.17 563.3036028146744 0.30604429060294347
9417.5 2.12 557.8893897533417 0.2978875620911934
9413.5 2.17 559.5462441444397 0.2990754407842327
9447.0 2.17 559.3036034107208 0.30439304632740927
9279.0 2.16 550.8183218240738 0.29893683965095325
9300.5 2.2 555.0609629154205 0.32330493197754856
9308.5 2.16 557.8893899917603 0.31534411552563
9241.0 2.16 551.9898948669434 0.298223601555057
9297.0 2.16 553.303603053093 0.3134385520466934
9288.0 2.19 554.4751760959625 0.30910458476155295
9064.0 2.15 547.3036032915115 0.3122759242627612
9529.5 2.19 561.8893896341324 0.30374921708737757
9510.0 2.16 561.64674949646 0.30510348263028636
9467.0 2.14 558.818322300911 0.30084666015822314
9376.0 2.17 560.132030248642 0.3018181086417888
9450.0 2.17 560.4751763343811 0.30548674866415654
9320.0 2.15 553.6467491388321 0.2996683472473207
9265.5 2.2 555.8893901109695 0.3248830029104163
9314.5 2.17 558.7178165912628 0.31637555656032024
9288.5 2.18 552.5756816864014 0.2992195896342568
9255.5 2.18 552.5756816864014 0.3116583164510189
9295.5 2.18 554.2325351238251 0.3084222865398309
9121.0 2.15 546.8183221817017 0.3116260001070477
9513.0 2.17 561.6467487812042 0.302937792120014
9501.0 2.15 561.6467491388321 0.3053385067577314
9459.5 2.15 560.7178167104721 0.30104099769958875
9359.5 2.17 560.7178169488907 0.30254463864076103
9434.0 2.15 561.3036034107208 0.30550115633623354
9334.5 2.16 554.7178171873093 0.29892455222988307
9247.5 2.2 555.060962677002 0.3228982213969122
9304.0 2.17 558.4751763343811 0.3148208949681673
9272.0 2.16 551.1614680290222 0.29799429283609946
9253.5 2.19 550.2325354814529 0.31421257776448586
9294.5 2.19 555.5462439060211 0.3129080705028255
9114.5 2.18 546.2325361967087 0.3120540377917252
9518.5 2.16 563.0609630346298 0.30104192710508615
9507.0 2.19 560.4751759767532 0.3048790280527056
9479.5 2.15 563.5462440252304 0.300433804436314
9458.5 2.19 559.889389872551 0.3029980841496424
9329.0 2.16 557.6467493772507 0.30150033818708094
9252.5 2.19 555.0609630346298 0.3205946138981601
9307.0 2.19 555.64674949646 0.31704795753655646
9289.0 2.15 555.3036031723022 0.29928276314557284
9229.0 2.18 550.8183221817017 0.3144905660514188
9108.0 2.18 547.1614675521851 0.3150428984528011
9485.0 2.16 562.4751765727997 0.30270022057630064
9476.5 2.19 559.8893895149231 0.3065293356741063
9496.5 2.15 561.889389872551 0.2986067496016884
9430.5 2.19 559.8893896341324 0.30347428943090193
9343.0 2.16 558.4751765727997 0.300642914424762
9226.5 2.19 555.0609630346298 0.3220996506292988
9280.0 2.19 555.6467493772507 0.31660774715242823
9308.0 2.15 555.6467491388321 0.2987098346832621
9227.0 2.18 550.8183221817017 0.3141538930021953
9135.0 2.18 548.8183218240738 0.31492514385301595
