6631.0 1.8 460.3675309419632 0.03133620739062308
6631.0 1.78 462.85281205177307 0.026913027352463592
6594.0 1.76 462.5096660852432 0.032711417960098646
6537.0 1.76 460.16652059555054 0.032434205633750185
6548.5 1.8 461.43859815597534 0.04052317580802166
6488.0 1.79 457.6812391281128 0.027455621486640287
6534.0 1.75 457.6812391281128 0.023420602383732947
6401.0 1.84 456.02438509464264 0.030848341224066714
6252.0 1.83 452.50966584682465 0.034503176737152565
6417.0 1.8 456.9949473142624 0.037910626609106254
6551.0 1.77 456.85281205177307 0.030947685483491163
6406.5 1.77 453.0954524278641 0.013656433531735035
6585.0 1.78 460.5096665620804 0.0223919660462839
6595.0 1.78 461.6812391281128 0.01414127003800304
6580.5 1.78 458.26702547073364 0.02218540581509512
6491.5 1.79 459.58073353767395 0.01660171286396561
6612.5 1.8 462.26702523231506 0.028333501947784036
6491.0 1.79 456.8528119325638 0.02453340441205706
6505.0 1.75 457.33809328079224 0.019882999544948817
6368.5 1.81 455.09545278549194 0.031219303382397152
6296.0 1.83 452.50966572761536 0.033579176744144824
6346.5 1.8 452.26702558994293 0.0366184804788439
6486.5 1.79 455.4385986328125 0.031097404781556603
6411.5 1.77 453.9238796234131 0.017472736561598715
6603.0 1.8 461.6812388896942 0.014645857833493975
6593.0 1.76 463.33809328079224 0.016537927536145986
6614.5 1.78 461.0954531431198 0.027474253723974683
6498.0 1.79 456.8528118133545 0.018270275847389352
6551.5 1.8 458.95331716537476 0.04159938009156722
6512.5 1.79 455.09545290470123 0.030995792846350487
6523.5 1.76 457.9238795042038 0.02214756813683427
6394.0 1.84 455.6812388896942 0.02765456588616257
6266.0 1.84 452.5096660852432 0.03207467949963981
6361.5 1.8 453.09545254707336 0.043798357760368264
6516.5 1.77 455.0954521894455 0.018941407773210784
6431.0 1.77 455.3380934000015 0.017329028170044097
6618.0 1.8 461.6812388896942 0.03337393084096347
6591.5 1.78 461.9238796234131 0.02045299071631865
6603.0 1.78 461.3380936384201 0.029313135409692315
6486.5 1.79 460.7523065805435 0.01680305000044347
6517.0 1.8 459.6812391281128 0.027951498299906175
6501.0 1.76 456.16652059555054 0.02537822672351926
6505.5 1.79 456.7523065805435 0.016166480490965487
6375.5 1.84 453.78174448013306 0.02618170750777823
6260.0 1.84 452.8528119325638 0.03448661539161236
6387.5 1.83 453.9238796234131 0.03811651944448668
6501.0 1.77 456.85281217098236 0.016014624817651885
6430.5 1.77 452.2670257091522 0.015857681652048806
6605.0 1.8 459.6812391281128 0.023017909582957897
6611.0 1.78 459.1959578990936 0.022375624368215268
6585.5 1.74 459.4385986328125 0.026949965971235907
6456.5 1.79 458.2670257091522 0.018411674495777457
6525.0 1.8 461.6812391281128 0.0224048869901323
6512.5 1.8 454.6101713180542 0.025769500726656194
6504.5 1.75 454.7523069381714 0.02114992970754069
6338.5 1.81 456.26702558994293 0.03686793271349341
6303.5 1.83 452.2670257091522 0.03691010553373248
6372.0 1.8 454.50966596603394 0.0416577512046533
6478.5 1.75 457.58073329925537 0.032694544892497304
6423.0 1.77 454.5096660852432 0.02228264075540012
6618.0 1.8 461.6812390089035 0.012943323651492809
6590.5 1.76 462.7523065805435 0.024118532410514707
6619.5 1.78 461.92387998104095 0.027090563118320917
6497.5 1.79 457.09545290470123 0.021226291944235823
6531.5 1.79 456.95331716537476 0.04084633291017805
6508.0 1.79 455.68123948574066 0.03085795055950077
6500.5 1.76 457.09545254707336 0.015213589125798186
6392.0 1.84 455.6812392473221 0.027705292042604048
6267.0 1.83 454.5096662044525 0.029710472722483814
6370.0 1.8 455.33809328079224 0.04599809678898361
6527.5 1.77 457.09545278549194 0.022632962919136253
6423.0 1.77 450.50966596603394 0.0188662213079022
6614.0 1.8 462.50966596603394 0.03458832314913462
6595.5 1.78 461.9238796234131 0.020085501228489455
6607.0 1.78 461.3380936384201 0.028707190851818245
6487.5 1.79 461.58073377609253 0.019060813685067332
6542.5 1.8 461.92387986183167 0.03803004746929311
6499.5 1.79 455.09545278549194 0.028092072969230428
6503.5 1.79 456.7523065805435 0.018041410256003948
6372.0 1.83 452.3675308227539 0.024262243687558405
6268.5 1.84 453.9238797426224 0.03103974152356485
6380.5 1.83 453.09545254707336 0.03787023642454583
6502.5 1.77 455.4385985136032 0.016875060499491258
6422.5 1.77 452.26702558994293 0.01672014272361544
6605.5 1.8 461.4385985136032 0.014183385125391034
6612.0 1.78 459.1959580183029 0.02551089717367963
6581.5 1.74 460.2670257091522 0.029122547195123732
6476.5 1.79 457.43859827518463 0.02207135759949911
6517.0 1.83 460.8528119325638 0.02435527789267667
6511.5 1.8 453.7817441225052 0.026708480740268357
6496.5 1.75 456.7523068189621 0.020317134543392047
6370.0 1.84 457.6812391281128 0.02773900366683334
6323.5 1.84 454.7523068189621 0.02872313413152806
6390.0 1.8 454.50966596603394 0.04082793529712938
6475.0 1.77 459.33809328079224 0.027674857305375705
6433.0 1.77 454.5096660852432 0.02434608736112533
6622.0 1.8 460.5096662044525 0.026860842358477296
6601.5 1.78 461.0954524278641 0.020738918979654304
6621.0 1.78 461.3380934000015 0.03039849859561366
6475.0 1.79 459.6812391281128 0.018716443034705193
6560.5 1.8 459.78174448013306 0.04299084799400572
6525.5 1.79 452.6101714372635 0.03480933198308176
6505.0 1.75 455.33809304237366 0.021083746297966915
6383.5 1.84 456.26702535152435 0.02549387844927312
6295.5 1.83 454.7523068189621 0.030228653091979637
6359.5 1.8 452.26702523231506 0.04099472033488687
6523.0 1.79 454.5096660852432 0.018797337303815737
6427.5 1.77 455.9238796234131 0.01656340373879433
6634.0 1.78 462.50966596603394 0.03306835920915903
6617.5 1.78 463.09545266628265 0.023246396222832765
6583.5 1.76 460.7523069381714 0.034180311981040865
6509.5 1.76 461.09545266628265 0.020271932132367842
6552.0 1.8 461.1959578990936 0.03387666540754723
6493.5 1.79 452.26702547073364 0.025343087911456955
6521.5 1.79 456.75230598449707 0.014979230130562658
6385.0 1.84 453.1959578990936 0.023925701176379034
6244.5 1.83 453.09545254707336 0.03126499425681307
6392.0 1.83 452.8528116941452 0.03652890151728644
6511.0 1.79 455.33809328079224 0.017844949645873354
6379.0 1.77 455.3380936384201 0.02361157726605304
6599.5 1.76 461.9238797426224 0.031864257476002494
6571.5 1.78 460.6101710796356 0.010216432255886787
6597.5 1.74 459.4385987520218 0.027379927412720183
6485.0 1.76 460.9949473142624 0.011936639301653588
6582.0 1.8 461.6812388896942 0.025163917044231418
6530.5 1.8 455.4385983943939 0.027719635833662017
6511.0 1.75 456.99494683742523 0.022650773633739636
6407.5 1.81 456.26702547073364 0.027504189769484856
6342.5 1.84 455.58073377609253 0.024519454378762233
6383.5 1.8 452.26702535152435 0.03759742423334441
6520.0 1.77 454.50966584682465 0.020111899359551322
6430.0 1.77 454.5096660852432 0.021564473152735738
6623.0 1.8 461.33809292316437 0.03646571100084269
6602.5 1.78 463.92387986183167 0.024472131619176943
6620.5 1.76 459.9238795042038 0.03199243293993448
6505.5 1.8 462.7523066997528 0.0299625954948526
6559.0 1.8 459.1959578990936 0.04166675563441114
6545.0 1.76 457.6812392473221 0.026889817196712476
6515.5 1.75 455.9238797426224 0.024553451404212383
6371.0 1.84 453.19595777988434 0.023501165020074006
6319.5 1.83 453.0954520702362 0.025387848688797957
6357.5 1.81 453.9238796234131 0.04192909626791745
6523.0 1.79 455.6812391281128 0.019550911308672658
6419.0 1.77 452.5096660852432 0.01601012615367036
6629.0 1.79 462.9949471950531 0.03472118206704389
6620.0 1.78 462.8528119325638 0.026716257343154026
6605.5 1.76 460.75230622291565 0.034152493841736374
6521.0 1.78 462.9949474334717 0.02241698226408027
6548.0 1.8 462.02438485622406 0.03168510656403919
6523.0 1.79 459.33809316158295 0.03280806492466098
6515.0 1.75 457.6812392473221 0.019673636496978487
6373.0 1.84 453.1959580183029 0.024828494944682797
6303.5 1.83 453.9238791465759 0.027025286684320107
6361.0 1.84 453.6812387704849 0.03812025349324401
6521.0 1.79 457.33809292316437 0.02425309670158572
6398.0 1.77 454.16652047634125 0.01728437118507976
6608.5 1.8 462.26702523231506 0.01407799351061301
6611.0 1.78 459.1959580183029 0.024470020629094043
6584.0 1.75 462.16652035713196 0.026799129048867457
6508.0 1.79 458.8528119325638 0.02311515940792631
6524.5 1.83 462.26702535152435 0.02390909824470035
6520.5 1.79 456.26702547073364 0.028949821806607105
6516.5 1.75 455.9238796234131 0.01810307981276622
6357.5 1.84 458.7523066997528 0.03118392334894106
6318.5 1.83 452.2670258283615 0.02654828871381932
6390.0 1.8 454.50966584682465 0.038164886771670584
6471.0 1.77 458.5096660852432 0.027101074526789656
6412.0 1.77 453.6812391281128 0.020951774722160352
6641.0 1.82 461.33809328079224 0.033457709668314725
6606.5 1.78 462.26702558994293 0.027917066962615363
6611.0 1.76 461.33809292316437 0.0328149715105062
6504.0 1.79 461.33809328079224 0.027656555751314545
6559.5 1.8 459.78174459934235 0.0409982078205065
6536.0 1.76 459.33809304237366 0.028085433005839693
6520.5 1.75 457.9238793849945 0.024361276827033675
6377.0 1.84 454.85281205177307 0.025485204427930185
6300.5 1.83 453.9238795042038 0.02973046999960906
6360.5 1.81 455.09545266628265 0.041697832745361575
6514.5 1.79 456.2670258283615 0.021139001095870025
6408.5 1.77 453.9238796234131 0.015144296466962595
6621.5 1.78 463.9238796234131 0.02961392121381907
6605.0 1.78 461.6812391281128 0.021249530530069262
6598.5 1.78 460.7523070573807 0.03181045755018796
6505.5 1.76 461.09545254707336 0.015113447394349076
6538.5 1.83 460.6101714372635 0.02526292875385556
6537.5 1.78 456.26702547073364 0.02921927741259854
6514.0 1.79 457.3380926847458 0.016579716941067985
6378.5 1.84 454.26702523231506 0.024612334608043504
6297.5 1.83 454.7523069381714 0.02562745043985137
6387.0 1.83 452.0243844985962 0.03564561708056803
6498.0 1.79 455.33809316158295 0.01539056361590397
6408.0 1.77 454.5096663236618 0.0188844149244982
6624.0 1.79 460.85281240940094 0.01786595571448235
6608.5 1.76 462.26702547073364 0.026202459068543217
6557.5 1.76 460.75230634212494 0.03561681024075912
6526.5 1.79 459.09545254707336 0.012327062900321742
6533.0 1.8 461.68123948574066 0.030104616784030338
6487.0 1.77 454.5096664428711 0.027148748992624868
6518.0 1.75 457.3380928039551 0.02196167298710675
6370.5 1.81 457.09545254707336 0.03588441753133674
6247.0 1.85 451.6812391281128 0.03252323821095801
6401.5 1.83 452.6101713180542 0.030779856350166824
6523.5 1.77 454.26702558994293 0.027156761187027506
6416.0 1.77 453.6812392473221 0.01229995619225959
6629.5 1.79 462.7523070573807 0.031146984562401243
6620.5 1.76 461.9238792657852 0.0315399487506417
6570.0 1.76 461.33809292316437 0.03426833082354325
6493.0 1.78 462.1665201187134 0.01804100928591225
6532.5 1.83 462.26702558994293 0.02677398700856685
6472.5 1.79 454.2670251131058 0.01954214043304884
6505.5 1.79 457.9238796234131 0.020510447359589245
6378.0 1.84 454.02438485622406 0.025299432164173175
6259.0 1.83 454.5096663236618 0.03326298216276259
6397.5 1.83 455.09545254707336 0.032461407248466724
6501.5 1.79 456.2670258283615 0.014786566342793177
6404.0 1.76 452.5096662044525 0.025910996184689488
6619.0 1.79 462.5096660852432 0.01814224223364998
6615.5 1.76 462.26702547073364 0.021805765423612067
6568.0 1.74 458.5096660852432 0.02892096563305673
6515.0 1.8 457.6812391281128 0.01731409271658373
6625.0 1.8 463.6812393665314 0.031395534822578945
6469.5 1.77 455.4385985136032 0.026510445081461213
6524.0 1.76 458.16652059555054 0.01615888886811354
6416.0 1.81 458.9949473142624 0.02771094690433876
6252.5 1.84 453.4385985136032 0.03407734674283989
6378.0 1.83 453.6812391281128 0.0371735523510499
6518.0 1.81 457.6812388896942 0.022994183068563684
6394.5 1.76 451.9238797426224 0.012443798179850862
6618.5 1.82 463.09545278549194 0.016165474092899347
6630.5 1.76 463.9238795042038 0.01961413154185132
6598.0 1.78 458.5096662044525 0.03257605784626318
6503.0 1.8 459.6812391281128 0.018356603598810216
6602.0 1.8 462.8528118133545 0.03587866076621751
6497.5 1.79 455.09545254707336 0.025015943539541296
6539.5 1.76 457.9238793849945 0.022988605226894575
6421.5 1.81 456.26702558994293 0.026376406985745126
6271.0 1.83 450.5096662044525 0.032296467039683675
6371.0 1.8 453.6812390089035 0.044086187908846435
6507.5 1.79 455.4385977983475 0.019110587677649647
6404.0 1.8 451.6812388896942 0.013313363682433962
6599.0 1.78 461.6812391281128 0.01729353375886996
6557.5 1.78 461.4385983943939 0.007847566429326526
6611.0 1.78 460.5096664428711 0.025425502891258188
6498.0 1.79 457.6812387704849 0.013983788910503126
6573.0 1.8 460.3675307035446 0.033956416183572036
6514.0 1.76 456.16652047634125 0.023999337325623697
6481.5 1.79 454.26702535152435 0.02059620185666123
6407.0 1.81 455.6812393665314 0.029320068107289765
6282.0 1.83 453.6812391281128 0.02768532308255832
6381.5 1.83 454.26702535152435 0.0329348052025085
6531.5 1.77 453.4385985136032 0.02949943073642098
6439.5 1.79 453.92387986183167 0.016448970617847558
